Manholes 110
1 981.54 7207.82 2554.22
2 901.3 7249.35 2552.05
3 831.25 7286.18 2551.72
4 741.36 7334.18 2551.63
5 667.44 7367.24 2551.46
6 584.86 7408.61 2551.85
7 1071.64 7162.13 2554.82
8 1224.8 7082.59 2555.33
9 1391.34 6997.48 2559.99
10 1475.04 6952.68 2560.78
11 1035.11 7288.28 2554.51
12 1076.77 7368.03 2554.96
13 1155.26 7322.23 2555.31
14 1116 7247.09 2555.27
15 1268.27 7173.47 2556.42
16 1434.47 7086.98 2558.71
17 1471.37 7158.01 2557.99
18 1393.92 7198.28 2557.27
19 1305.24 7244.35 2555.82
20 1230.89 7282.92 2555.43
21 1191.38 7388.1 2554.88
22 1254.73 7355.18 2555.03
23 1318.17 7322.35 2555.57
24 1381.43 7289.2 2556.29
25 1237.38 7477.06 2554.76
26 1300.92 7444.2 2554.96
27 1364.27 7411.31 2555.47
28 1427.55 7377.92 2555.93
29 1491.4 7345.58 2556.45
30 1548.16 7315.99 2556.96
31 1508.1 7223.4 2557.7
32 1456.74 7260.95 2557.01
33 955.69 7336.9 2553.91
34 992.3 7407.29 2554.09
35 913.3 7446.36 2554.13
36 826.81 7493.27 2553.36
37 788.2 7419.13 2553.05
38 962.53 7514.74 2553.57
39 1004.44 7596.19 2553.74
40 1072.14 7561.27 2553.85
41 1155.71 7519.68 2554.23
42 1197.64 7600.63 2554.59
43 1279.69 7558.36 2554.69
44 1237.38 7477.06 2554.76
45 1109.34 7429.94 2554.65
46 1333.26 7661.29 2554.93
47 1397.46 7630.55 2555.37
48 1356.12 7550.7 2555.25
49 1419.46 7517.89 2555.84
50 1460.84 7597.47 2555.78
51 1524.17 7564.57 2555.87
52 1481.47 7481.98 2555.69
53 1544.46 7448.03 2556.11
54 1588 7531.5 2556.62
55 1650.5 7499.21 2556.72
56 1600.04 7388.1 2557.14
57 1747.32 7462.52 2556.9
58 1715.03 7400.08 2557
59 1681.29 7333.85 2557.17
60 1645.68 7265.07 2557.4
61 1302.31 7041.85 2558
62 1559.39 7112.63 2559.04
63 1530.58 7035.67 2559.86
64 1604.82 6992.61 2561.96
65 1569.16 6903.75 2564.49
66 1649.08 7068.52 2561.04
67 1728.08 7031.72 2563.69
68 1832.9 6975.88 2565.94
69 1785.75 6898.33 2566.15
70 1744.42 6812.62 2569.26
71 1803.79 7353.82 2557.34
72 1765.15 7289.85 2557.9
73 1735.7 7224.2 2558.97
74 1686.22 7129.44 2560.5
75 1746.82 7099.01 2562.24
76 1599.01 7175.99 2558.14
77 1831.54 7256.25 2559.41
78 1963.14 7187.67 2562.88
79 1917.32 7098.98 2564.33
80 1882.86 7032.93 2565.49
81 1954.28 7002.5 2566.97
82 2029.41 7153.1 2565.71
83 2093.6 7119.76 2568.05
84 2013.31 6965.14 2569.71
85 2090.9 6933.35 2575.89
86 2157.49 7087.17 2573
87 1920.35 6933.78 2567.7
88 2002.76 6889.27 2570.15
89 1910.25 6726.98 2575.18
90 1958.45 6815.65 2573.03
91 2056.96 6866.81 2576.09
92 1114.68 7643.68 2554.29
93 1144.17 7710.55 2554.38
94 1880.41 7313.67 2558.7
95 1996.74 7259.19 2559.7
96 1932.99 7372.47 2557.93
97 1835.94 7416.57 2557.33
98 1784.49 7532.93 2557.41
99 1982.51 7441.01 2558.9
100 1202.87 7770.98 2553.85
101 1317.86 7779.49 2554.95
102 1452.89 7704.76 2555.87
103 1632.28 7617.99 2557.42
104 2065.54 7218.98 2564.85
105 2204.2 7149.6 2570.03
106 2233.12 7204.6 2568.56
107 2097.16 7271.09 2563.11
108 2145.39 7352.39 2561.93
109 1905.84 7224.42 2560.93
110 1826.73 7064.1 2564.64
Sections 160
1 7 C 0.1015
2 1 C 0.077
3 2 C 0.0595
4 3 C 0.0455
5 4 C 0.028
6 5 I 0.014
7 8 C 0.112
7 14 I 0.0035
8 15 C 0.112
8 61 I 0.014
9 10 C 0.1827
10 65 C 0.2072
11 1 I 0.0105
11 12 I 0.0035
12 13 C 0.0329
13 20 C 0.0749
14 13 C 0.0035
14 15 I 0.014
15 16 C 0.1365
15 19 I 0.0035
16 9 C 0.1407
16 17 I 0.0098
17 62 C 0.2142
18 17 C 0.1204
19 18 C 0.1064
20 19 C 0.0889
21 13 C 0.0245
21 22 I 0.0035
22 23 I 0.014
22 26 C 0.0035
23 24 I 0.014
23 27 C 0.014
24 28 C 0.0245
24 32 I 0.0035
25 21 I 0.014
26 48 C 0.0455
27 26 C 0.0245
27 28 I 0.014
28 29 C 0.0385
28 52 I 0.014
29 30 C 0.042
29 53 I 0.014
30 31 C 0.042
30 56 I 0.014
31 17 C 0.07
32 29 C 0.0035
32 31 I 0.014
33 2 I 0.0035
33 34 I 0.0035
33 37 I 0.007
34 12 C 0.007
34 40 I 0.014
35 34 I 0.0035
35 38 C 0.042
36 35 C 0.0315
37 4 I 0.0035
37 36 C 0.0175
38 39 C 0.056
39 40 C 0.07
40 92 C 0.112
41 40 I 0.014
41 42 C 0.0126
42 43 C 0.0126
42 92 I 0.014
43 46 C 0.0301
44 26 I 0.0035
44 41 I 0.007
44 43 I 0.0035
45 12 I 0.0084
45 41 I 0.0056
46 47 C 0.0441
47 50 C 0.1176
48 47 C 0.0595
49 27 I 0.0105
49 50 I 0.0035
50 51 C 0.1351
51 54 C 0.1526
52 51 I 0.0035
52 53 C 0.0245
53 54 C 0.0525
54 55 C 0.2156
54 103 I 0.0035
55 57 C 0.2576
56 55 C 0.028
57 58 C 0.2821
57 97 I 0.0035
58 59 C 0.2926
58 71 I 0.0035
59 60 I 0.0035
59 72 C 0.3031
60 73 C 0.021
61 9 C 0.028
62 66 I 0.014
62 76 C 0.2177
63 10 I 0.0105
63 62 I 0.0035
64 66 C 0.2177
64 69 I 0.014
65 64 C 0.2177
65 70 I 0.0035
66 67 C 0.2422
66 74 I 0.0035
67 68 C 0.2562
68 80 C 0.2597
68 87 I 0.014
69 68 I 0.0035
69 90 C 0.0385
70 69 C 0.014
70 89 I 0.0035
71 94 C 0.0385
72 77 C 0.3556
73 72 C 0.0385
74 73 I 0.0035
74 75 C 0.2422
75 77 C 0.2527
75 110 I 0.0035
76 60 I 0.0035
76 74 C 0.2282
77 109 C 0.9156
78 109 C 0.5964
79 78 C 0.2772
80 79 C 0.2632
80 81 I 0.014
81 82 C 0.0595
82 78 C 0.3052
83 82 C 0.1505
84 83 C 0.112
85 86 I 0.0105
85 91 I 0.0035
86 83 C 0.0245
87 81 C 0.0315
88 84 C 0.098
88 87 I 0.0035
89 90 C 0.0175
90 88 C 0.07
91 88 C 0.0175
92 93 C 0.14
93 100 C 0.154
94 77 C 0.2933
95 94 I 0.0105
95 104 I 0.0035
96 94 C 0.2303
96 97 I 0.0035
97 71 C 0.021
98 57 I 0.014
98 99 C 0.2135
99 96 C 0.2198
99 108 I 0.0077
100 101 C 0.168
101 102 C 0.182
102 103 C 0.196
103 98 C 0.2135
104 82 C 0.0812
105 104 C 0.0245
106 105 I 0.0105
106 107 I 0.0035
107 104 C 0.0392
108 107 C 0.0217
109 110 C 1.526
110 80 C 0.0035
