1 -> 395269.37753662356
PEOR COSTO: 395269.37753662356
MEJOR COSTO: 395269.37753662356
MEJOR DISEÑO:
1 -> 1 2 I  0.2 2554.27 2554.17
2 -> 2 6 C  0.6 2554.17 2554.08
3 -> 1 5 I  0.3 2554.17 2554.12
4 -> 5 6 C  0.6 2554.12 2554.03
5 -> 6 7 C  0.6 2554.03 2553.6
6 -> 7 12 C  0.9 2553.6 2553.53
7 -> 12 13 C  0.9 2553.53 2552.91
8 -> 13 18 C  1.1 2552.91 2552.84
9 -> 18 19 C  1.2 2552.84 2552.79
10 -> 19 20 C  1.2 2552.79 2552.74
11 -> 2 3 I  0.3 2554.12 2553.88
12 -> 3 4 C  0.3 2553.88 2553.64
13 -> 4 8 C  0.5 2553.64 2553.27
14 -> 8 13 C  0.6 2553.27 2553.21
15 -> 3 7 I  0.2 2553.98 2553.85
16 -> 6 11 I  0.3 2554.38 2554.02
17 -> 7 8 I  0.2 2554.0 2553.57
18 -> 9 10 I  0.2 2553.89 2553.77
19 -> 10 15 C  0.8 2553.77 2553.65
20 -> 9 14 I  0.3 2553.79 2553.72
21 -> 14 15 C  0.8 2553.72 2553.65
22 -> 15 16 C  0.9 2553.65 2553.56
23 -> 16 17 C  1.0 2553.56 2553.3
24 -> 10 11 I  0.3 2554.52 2554.02
25 -> 11 12 C  0.8 2554.02 2553.63
26 -> 11 16 I  0.4 2553.92 2553.81
27 -> 17 18 C  1.0 2553.3 2552.94
