0 0.0398986167300409 158.3 0
1 0.0957391842017546 156.1 199.52345546697
2 0.126745496101479 155.3 109.201749328845
3 0.151930536318754 156.9 155.029067521739
4 0.2150941393057 155.2 125.928585650125
5 0.257094222552332 156.8 200.81854579309
6 0.32289297773032 156.5 210.00046746998
7 0.630148074027008 158.2 183.992867776258
8 0.970614174213002 157.9 187.000701959283
9 0.995614038359918 158.3 196.004115016003
10 1.03899896036821 157.5 125.002906991198
11 1.21799597610151 160.2 216.932242363784
12 1.24899589561893 158.3 182.164887410833
13 1.27299603913015 157.4 155.000119163954
14 1.30447960658282 156.9 120.000099845958
15 2.05870229378928 158 157.419964310034
16 1000 156.6 200.001128956814