Manholes 20
0 0 0 160.5
1 160 0 160.49
2 300 -50 160.5
3 0 -130 160.49
4 145 -150 160.5
5 285 -130 160.49
6 410 -170 160.5
7 110 -270 160.49
8 250 -280 160.5
9 40 -410 160.49
10 145 -420 160.5
11 290 -390 160.49
12 430 -360 160.5
13 150 -540 160.49
14 310 -580 160.5
15 440 -550 160.49
16 70 -605 160.5
17 230 -700 160.49
18 400 -695 160.5
19 400 -860 160.49
Sections 31
1 0 I 0.0510010037039673
0 3 C 0.0910005267826286
3 4 C 0.120999953208632
4 5 C 0.199000555714495
5 8 C 0.332000365011303
8 11 C 0.532000310531149
11 12 C 0.579000441487457
12 15 C 0.736000349583131
15 18 C 0.880000261085763
18 19 C 1.36700093478306
11 14 I 0.0440005783350905
14 15 C 0.0870008157197233
16 13 I 0.0309999430573212
13 17 C 0.213000525873302
17 18 C 0.437000968241865
11 10 I 0.021000304224197
10 13 C 0.097000438762742
7 10 I 0.0309999430573212
10 9 I 0.0690008626303066
9 16 C 0.105000905079669
16 17 C 0.168000279069852
14 13 I 0.0570004664376844
1 2 I 0.0420009428784814
2 6 C 0.0780002456339146
6 12 C 0.132000415688163
6 5 I 0.0500009659822805
6 8 I 0.0500009659822805
4 7 I 0.0420009428784814
7 8 C 0.0850003542452485
1 4 I 0.0500009659822805
1 5 I 0.0600005984218511