0 0.0245994128447735 160.616914200198 0
1 0.0360005737162287 160.732922273633 180
2 0.0529995723760114 160.709965323984 121
3 0.076001735457995 160.687163015106 205
4 0.0905667178233901 160.600562696173 200
5 0.103000666551337 160.460241933266 123
6 0.136623541095505 160.503017277852 142
7 0.169852905730085 160.667495331055 115
8 0.239051896070712 160.741690491457 135
9 0.263653642864701 160.904360999618 168
10 0.321853210877028 160.757017750058 172
11 0.477092928122359 160.654020590222 120
12 0.514222875486587 160.653489414188 123
13 0.54258471557424 160.73721262279 136
14 0.593162715544107 160.786820973824 196
15 0.629159434928292 160.649226125985 115
16 0.683719771765649 160.766341395844 180
17 0.72979832428575 160.612714191683 121
18 0.84870229378928 160.661956647627 205
19 0.870229378928 160.757017750058 195
20 1000 160.654020590222 200