Manholes
1 2 1.225000000000091 6.186351843787239E-4
2 1 1.225000000000091 6.186351843787239E-4
2 3 1.3700000000000727 0.0022845489966812254
3 2 1.3700000000000727 0.0022845489966812254
3 4 1.6100000000000818 0.004268564228101706
4 3 1.6100000000000818 0.004268564228101706
1 5 1.2249999999998635 8.877914240232926E-4
5 1 1.2249999999998635 8.877914240232926E-4
2 6 1.330000000000109 0.004269178816894511
6 2 1.330000000000109 0.004269178816894511
3 7 1.690000000000009 2.9429463346992475E-4
7 3 1.690000000000009 2.9429463346992475E-4
4 8 2.025000000000273 0.0021472966632858654
8 4 2.025000000000273 0.0021472966632858654
5 6 1.3299999999998817 0.0019775086044999156
6 5 1.3299999999998817 0.0019775086044999156
6 7 1.6500000000000454 0.0045537517804888124
7 6 1.6500000000000454 0.0045537517804888124
7 8 2.1050000000002003 0.0067948806831263425
8 7 2.1050000000002003 0.0067948806831263425
6 11 1.9200000000000275 0.005024679992162175
11 6 1.9200000000000275 0.005024679992162175
7 12 2.2150000000001002 0.0031390053389150586
12 7 2.2150000000001002 0.0031390053389150586
8 13 2.740000000000191 5.423735046007516E-4
13 8 2.740000000000191 5.423735046007516E-4
9 10 1.565000000000009 0.01022557404806447
10 9 1.565000000000009 0.01022557404806447
10 11 2.1800000000000184 0.005580534401265889
11 10 2.1800000000000184 0.005580534401265889
11 12 2.485000000000082 0.0010344886040109134
12 11 2.485000000000082 0.0010344886040109134
12 13 2.850000000000091 0.00815438724114072
13 12 2.850000000000091 0.00815438724114072
9 14 1.4899999999999636 0.008662121075494689
14 9 1.4899999999999636 0.008662121075494689
10 15 1.9649999999998726 0.004114099515236115
15 10 1.9649999999998726 0.004114099515236115
11 16 2.2199999999997546 0.0015980402432286503
16 11 2.2199999999997546 0.0015980402432286503
13 18 2.8449999999997546 0.0016331245772966032
18 13 2.8449999999997546 0.0016331245772966032
14 15 1.8899999999998272 0.004363447002307274
15 14 1.8899999999998272 0.004363447002307274
15 16 2.004999999999609 9.776797242824378E-5
16 15 2.004999999999609 9.776797242824378E-5
16 17 2.089999999999418 0.0015008476173270539
17 16 2.089999999999418 0.0015008476173270539
17 18 2.349999999999409 0.004091973940579613
18 17 2.349999999999409 0.004091973940579613
18 19 2.579999999999427 0.0011764705800925593
19 18 2.579999999999427 0.0011764705800925593
19 20 2.6799999999995636 0.009999995000040136
20 19 2.6799999999995636 0.009999995000040136
