K:[
I
C
]
b:[
(1)0.014
(2)0.014
(3)0.014
(4)0.014
(5)0.014
(6)0.014
(7)0.014
(8)0.014
(9)0.014
(10)0.014
(11)0.014
(12)0.014
(13)0.014
(14)0.014
(15)0.014
(16)0.014
(17)0.014
(18)0.014
(19)0.014
(20)0.014
(21)0.014
(22)0.014
(23)0.014
(24)0.014
(25)0.014
(26)0.014
(27)0.014
(28)0.014
(29)0.014
(30)0.014
(31)0.014
(32)0.014
(33)0.014
(34)0.014
(35)0.014
(36)0.014
(37)0.014
(38)0.014
(39)0.014
(40)0.014
(41)0.014
(42)0.014
(43)0.014
(44)0.014
(45)0.014
(46)0.014
(47)0.014
(48)0.014
(49)0.014
(50)0.014
(51)0.014
(52)0.014
(53)0.014
(54)0.014
(55)0.014
(56)0.014
(57)0.014
(58)0.014
(59)0.014
(60)0.014
(61)0.014
(62)0.014
(63)0.014
(64)0.014
(65)0.014
(66)0.014
(67)0.014
(68)0.014
(69)0.014
(70)0.014
(71)0.014
(72)0.014
(73)0.014
(74)0.014
(75)0.014
(76)0.014
(77)0.014
(78)0.014
(79)0.014
(80)0.014
(81)0.014
(82)0.014
(83)0.014
(84)0.014
(85)0.014
(86)0.014
(87)0.014
(88)0.014
(89)0.014
(90)0.014
(91)0.014
(92)0.014
(93)0.014
(94)0.014
(95)0.014
(96)0.014
(97)0.014
(98)0.014
(99)0.014
(100)0.014
(101)0.014
(102)0.014
(103)0.014
(104)0.014
(105)0.014
(106)0.014
(107)0.014
(108)0.014
(109)0.014
(110)-1.526
]
posX:[
(1)981.54
(2)901.3
(3)831.25
(4)741.36
(5)667.44
(6)584.86
(7)1071.64
(8)1224.8
(9)1391.34
(10)1475.04
(11)1035.11
(12)1076.77
(13)1155.26
(14)1116.0
(15)1268.27
(16)1434.47
(17)1471.37
(18)1393.92
(19)1305.24
(20)1230.89
(21)1191.38
(22)1254.73
(23)1318.17
(24)1381.43
(25)1237.38
(26)1300.92
(27)1364.27
(28)1427.55
(29)1491.4
(30)1548.16
(31)1508.1
(32)1456.74
(33)955.69
(34)992.3
(35)913.3
(36)826.81
(37)788.2
(38)962.53
(39)1004.44
(40)1072.14
(41)1155.71
(42)1197.64
(43)1279.69
(44)1237.38
(45)1109.34
(46)1333.26
(47)1397.46
(48)1356.12
(49)1419.46
(50)1460.84
(51)1524.17
(52)1481.47
(53)1544.46
(54)1588.0
(55)1650.5
(56)1600.04
(57)1747.32
(58)1715.03
(59)1681.29
(60)1645.68
(61)1302.31
(62)1559.39
(63)1530.58
(64)1604.82
(65)1569.16
(66)1649.08
(67)1728.08
(68)1832.9
(69)1785.75
(70)1744.42
(71)1803.79
(72)1765.15
(73)1735.7
(74)1686.22
(75)1746.82
(76)1599.01
(77)1831.54
(78)1963.14
(79)1917.32
(80)1882.86
(81)1954.28
(82)2029.41
(83)2093.6
(84)2013.31
(85)2090.9
(86)2157.49
(87)1920.35
(88)2002.76
(89)1910.25
(90)1958.45
(91)2056.96
(92)1114.68
(93)1144.17
(94)1880.41
(95)1996.74
(96)1932.99
(97)1835.94
(98)1784.49
(99)1982.51
(100)1202.87
(101)1317.86
(102)1452.89
(103)1632.28
(104)2065.54
(105)2204.2
(106)2233.12
(107)2097.16
(108)2145.39
(109)1905.84
(110)1826.73
]
posY:[
(1)7207.82
(2)7249.35
(3)7286.18
(4)7334.18
(5)7367.24
(6)7408.61
(7)7162.13
(8)7082.59
(9)6997.48
(10)6952.68
(11)7288.28
(12)7368.03
(13)7322.23
(14)7247.09
(15)7173.47
(16)7086.98
(17)7158.01
(18)7198.28
(19)7244.35
(20)7282.92
(21)7388.1
(22)7355.18
(23)7322.35
(24)7289.2
(25)7477.06
(26)7444.2
(27)7411.31
(28)7377.92
(29)7345.58
(30)7315.99
(31)7223.4
(32)7260.95
(33)7336.9
(34)7407.29
(35)7446.36
(36)7493.27
(37)7419.13
(38)7514.74
(39)7596.19
(40)7561.27
(41)7519.68
(42)7600.63
(43)7558.36
(44)7477.06
(45)7429.94
(46)7661.29
(47)7630.55
(48)7550.7
(49)7517.89
(50)7597.47
(51)7564.57
(52)7481.98
(53)7448.03
(54)7531.5
(55)7499.21
(56)7388.1
(57)7462.52
(58)7400.08
(59)7333.85
(60)7265.07
(61)7041.85
(62)7112.63
(63)7035.67
(64)6992.61
(65)6903.75
(66)7068.52
(67)7031.72
(68)6975.88
(69)6898.33
(70)6812.62
(71)7353.82
(72)7289.85
(73)7224.2
(74)7129.44
(75)7099.01
(76)7175.99
(77)7256.25
(78)7187.67
(79)7098.98
(80)7032.93
(81)7002.5
(82)7153.1
(83)7119.76
(84)6965.14
(85)6933.35
(86)7087.17
(87)6933.78
(88)6889.27
(89)6726.98
(90)6815.65
(91)6866.81
(92)7643.68
(93)7710.55
(94)7313.67
(95)7259.19
(96)7372.47
(97)7416.57
(98)7532.93
(99)7441.01
(100)7770.98
(101)7779.49
(102)7704.76
(103)7617.99
(104)7218.98
(105)7149.6
(106)7204.6
(107)7271.09
(108)7352.39
(109)7224.42
(110)7064.1
]
e:[
(1)2554.22
(2)2552.046
(3)2551.715
(4)2551.63
(5)2551.463
(6)2551.851
(7)2554.815
(8)2555.326
(9)2559.995
(10)2560.781
(11)2554.513
(12)2554.962
(13)2555.309
(14)2555.268
(15)2556.416
(16)2558.709
(17)2557.989
(18)2557.27
(19)2555.823
(20)2555.429
(21)2554.884
(22)2555.035
(23)2555.571
(24)2556.292
(25)2554.756
(26)2554.961
(27)2555.472
(28)2555.928
(29)2556.454
(30)2556.96
(31)2557.705
(32)2557.014
(33)2553.91
(34)2554.092
(35)2554.134
(36)2553.36
(37)2553.048
(38)2553.565
(39)2553.74
(40)2553.849
(41)2554.232
(42)2554.587
(43)2554.687
(44)2554.756
(45)2554.654
(46)2554.93
(47)2555.37
(48)2555.253
(49)2555.843
(50)2555.782
(51)2555.869
(52)2555.688
(53)2556.112
(54)2556.617
(55)2556.719
(56)2557.143
(57)2556.901
(58)2556.997
(59)2557.165
(60)2557.403
(61)2558.0
(62)2559.038
(63)2559.863
(64)2561.961
(65)2564.488
(66)2561.041
(67)2563.69
(68)2565.94
(69)2566.152
(70)2569.264
(71)2557.337
(72)2557.904
(73)2558.971
(74)2560.503
(75)2562.239
(76)2558.144
(77)2559.406
(78)2562.876
(79)2564.332
(80)2565.49
(81)2566.975
(82)2565.707
(83)2568.046
(84)2569.708
(85)2575.891
(86)2572.998
(87)2567.7
(88)2570.153
(89)2575.185
(90)2573.027
(91)2576.088
(92)2554.288
(93)2554.375
(94)2558.696
(95)2559.695
(96)2557.932
(97)2557.326
(98)2557.411
(99)2558.897
(100)2553.848
(101)2554.951
(102)2555.874
(103)2557.418
(104)2564.849
(105)2570.034
(106)2568.56
(107)2563.112
(108)2561.931
(109)2560.929
(110)2564.635
]
bt:[
(1,7)2.610974047697538
(7,1)2.610974047697538
(1,11)2.614530293768689
(11,1)2.614530293768689
(2,1)2.6033107441158996
(1,2)2.6033107441158996
(2,33)2.604890780999634
(33,2)2.604890780999634
(3,2)2.6128074649194977
(2,3)2.6128074649194977
(4,3)2.6215202549701204
(3,4)2.6215202549701204
(4,37)2.6060587532714456
(37,4)2.6060587532714456
(5,4)2.61659651954755
(4,5)2.61659651954755
(6,5)2.6127839032449804
(5,6)2.6127839032449804
(7,8)2.6146559040010464
(8,7)2.6146559040010464
(7,14)2.6121529305797755
(14,7)2.6121529305797755
(8,61)2.6019794643014262
(61,8)2.6019794643014262
(8,15)2.607696744384791
(15,8)2.607696744384791
(9,10)2.6091434675341856
(10,9)2.6091434675341856
(9,16)2.6067223507377943
(16,9)2.6067223507377943
(10,65)2.601220999184304
(65,10)2.601220999184304
(10,63)2.6085786545570344
(63,10)2.6085786545570344
(11,12)2.6118621464860015
(12,11)2.6118621464860015
(12,13)2.6132945789064514
(13,12)2.6132945789064514
(12,45)2.612532529844275
(45,12)2.612532529844275
(13,20)2.6186580532106487
(20,13)2.6186580532106487
(13,21)2.61118989896274
(21,13)2.61118989896274
(14,13)2.6245637343944033
(13,14)2.6245637343944033
(14,15)2.610212543941043
(15,14)2.610212543941043
(15,19)2.6097351341288255
(19,15)2.6097351341288255
(15,16)2.607027494710666
(16,15)2.607027494710666
(16,17)2.6086960670983106
(17,16)2.6086960670983106
(17,62)2.60781169323864
(62,17)2.60781169323864
(17,31)2.6133392321258855
(31,17)2.6133392321258855
(18,17)2.609171368573463
(17,18)2.609171368573463
(19,18)2.606110499270101
(18,19)2.606110499270101
(20,19)2.6121784446991483
(19,20)2.6121784446991483
(21,25)2.619183254754253
(25,21)2.619183254754253
(21,22)2.6164607696424644
(22,21)2.6164607696424644
(22,26)2.622198624867811
(26,22)2.622198624867811
(22,23)2.6096732242803053
(23,22)2.6096732242803053
(23,24)2.6080722693796607
(24,23)2.6080722693796607
(23,27)2.620588609201501
(27,23)2.620588609201501
(24,28)2.6135501661193388
(28,24)2.6135501661193388
(24,32)2.608707418214991
(32,24)2.608707418214991
(26,27)2.6099262076833316
(27,26)2.6099262076833316
(26,48)2.6157058190306306
(48,26)2.6157058190306306
(27,49)2.614425466736907
(49,27)2.614425466736907
(27,28)2.6105507508036596
(28,27)2.6105507508036596
(28,52)2.6166346224785366
(52,28)2.6166346224785366
(28,29)2.6097852050200556
(29,28)2.6097852050200556
(29,53)2.6146498642898743
(53,29)2.6146498642898743
(29,30)2.6093927338594987
(30,29)2.6093927338594987
(30,56)2.616602528576742
(56,30)2.616602528576742
(31,30)2.6097592573794954
(30,31)2.6097592573794954
(32,31)2.6076761796479078
(31,32)2.6076761796479078
(32,29)2.6107653793072156
(29,32)2.6107653793072156
(33,34)2.6160246161758387
(34,33)2.6160246161758387
(34,12)2.608492868655838
(12,34)2.608492868655838
(34,40)2.618684553660157
(40,34)2.618684553660157
(35,34)2.624646957952821
(34,35)2.624646957952821
(35,38)2.610239906718225
(38,35)2.610239906718225
(36,35)2.6094190753404067
(35,36)2.6094190753404067
(37,36)2.613416413727067
(36,37)2.613416413727067
(37,33)2.6122750614163475
(33,37)2.6122750614163475
(38,39)2.617008218448257
(39,38)2.617008218448257
(39,40)2.6185699807721425
(40,39)2.6185699807721425
(40,41)2.6129100104501988
(41,40)2.6129100104501988
(40,92)2.6121448712469424
(92,40)2.6121448712469424
(41,44)2.61116084282623
(44,41)2.61116084282623
(41,42)2.6131896443923885
(42,41)2.6131896443923885
(42,43)2.6200840992100147
(43,42)2.6200840992100147
(43,46)2.6165141094777913
(46,43)2.6165141094777913
(44,26)2.61483083901453
(26,44)2.61483083901453
(44,43)2.6220870714320386
(43,44)2.6220870714320386
(45,41)2.6128134047301237
(41,45)2.6128134047301237
(46,47)2.61071469727908
(47,46)2.61071469727908
(47,50)2.611090935764634
(50,47)2.611090935764634
(48,47)2.6190858098185203
(47,48)2.6190858098185203
(49,50)2.622651631722009
(50,49)2.622651631722009
(50,51)2.6194405787248214
(51,50)2.6194405787248214
(51,54)2.607908584421028
(54,51)2.607908584421028
(52,53)2.6109417139869797
(53,52)2.6109417139869797
(52,51)2.6169069244216994
(51,52)2.6169069244216994
(53,54)2.611475111565827
(54,53)2.611475111565827
(54,55)2.6184984032880387
(55,54)2.6184984032880387
(54,103)2.609166756254945
(103,54)2.609166756254945
(55,57)2.617457250995647
(57,55)2.617457250995647
(56,55)2.6137995977979585
(55,56)2.6137995977979585
(57,97)2.612712207587069
(97,57)2.612712207587069
(57,98)2.610523655556066
(98,57)2.610523655556066
(58,57)2.618823129401674
(57,58)2.618823129401674
(58,71)2.613920520560833
(71,58)2.613920520560833
(59,58)2.616104024653525
(58,59)2.616104024653525
(59,72)2.6094624092436915
(72,59)2.6094624092436915
(60,59)2.6144571218412604
(59,60)2.6144571218412604
(60,73)2.605611935830583
(73,60)2.605611935830583
(61,9)2.6043203153290446
(9,61)2.6043203153290446
(62,66)2.6043245864786733
(66,62)2.6043245864786733
(62,76)2.6071511765995297
(76,62)2.6071511765995297
(63,62)2.6081022849031648
(62,63)2.6081022849031648
(64,69)2.604187819616858
(69,64)2.604187819616858
(64,66)2.607874920173413
(66,64)2.607874920173413
(65,70)2.603284013780864
(70,65)2.603284013780864
(65,64)2.6027957877092684
(64,65)2.6027957877092684
(66,74)2.609646944032277
(74,66)2.609646944032277
(66,67)2.6020055839440652
(67,66)2.6020055839440652
(67,68)2.604634813753515
(68,67)2.604634813753515
(68,87)2.6048759150222636
(87,68)2.6048759150222636
(68,80)2.610933864029221
(80,68)2.610933864029221
(69,68)2.6159272359574683
(68,69)2.6159272359574683
(69,90)2.6010680287269485
(90,69)2.6010680287269485
(70,69)2.601594274001924
(69,70)2.601594274001924
(70,89)2.601765351339619
(89,70)2.601765351339619
(71,94)2.6056639248438165
(94,71)2.6056639248438165
(71,97)2.6311730327605374
(97,71)2.6311730327605374
(72,77)2.6042845026570904
(77,72)2.6042845026570904
(73,72)2.605980092392566
(72,73)2.605980092392566
(74,75)2.6029656272013657
(75,74)2.6029656272013657
(74,73)2.606166898921409
(73,74)2.606166898921409
(75,77)2.6056115888393783
(77,75)2.6056115888393783
(75,110)2.602570982981945
(110,75)2.602570982981945
(76,60)2.609771151069564
(60,76)2.609771151069564
(76,74)2.6033568887221006
(74,76)2.6033568887221006
(77,109)2.604664885166767
(109,77)2.604664885166767
(77,94)2.6084488888585895
(94,77)2.6084488888585895
(78,82)2.6007663220316757
(82,78)2.6007663220316757
(79,78)2.6060707891003108
(78,79)2.6060707891003108
(80,81)2.604581572007142
(81,80)2.604581572007142
(80,79)2.6057223882734437
(79,80)2.6057223882734437
(81,82)2.6096514227389673
(82,81)2.6096514227389673
(81,87)2.6084239673700353
(87,81)2.6084239673700353
(82,83)2.601657861367206
(83,82)2.601657861367206
(82,104)2.6074041737827094
(104,82)2.6074041737827094
(83,86)2.5973337723810794
(86,83)2.5973337723810794
(84,83)2.608378638018336
(83,84)2.608378638018336
(85,86)2.6051477077573075
(86,85)2.6051477077573075
(87,88)2.6028386923067575
(88,87)2.6028386923067575
(88,84)2.6110477220421227
(84,88)2.6110477220421227
(88,91)2.595117230991507
(91,88)2.595117230991507
(89,90)2.603965918273875
(90,89)2.603965918273875
(90,88)2.6014679140040884
(88,90)2.6014679140040884
(91,85)2.61527596580913
(85,91)2.61527596580913
(92,42)2.614241672970453
(42,92)2.614241672970453
(92,93)2.6195701774054
(93,92)2.6195701774054
(94,95)2.609480644170138
(95,94)2.609480644170138
(94,96)2.6082964515628393
(96,94)2.6082964515628393
(95,104)2.5977106955947153
(104,95)2.5977106955947153
(96,99)2.6074074079507574
(99,96)2.6074074079507574
(97,96)2.611163951599712
(96,97)2.611163951599712
(98,99)2.61019740916135
(99,98)2.61019740916135
(99,108)2.605441048825707
(108,99)2.605441048825707
(100,101)2.608363635269628
(101,100)2.608363635269628
(100,93)2.6106508922707903
(93,100)2.6106508922707903
(101,102)2.6108918736590665
(102,101)2.6108918736590665
(102,103)2.609500670794118
(103,102)2.609500670794118
(103,98)2.6398260862448857
(98,103)2.6398260862448857
(104,107)2.6023669122656568
(107,104)2.6023669122656568
(104,105)2.6014689792720262
(105,104)2.6014689792720262
(105,106)2.603390149911588
(106,105)2.603390149911588
(107,108)2.6069153427565706
(108,107)2.6069153427565706
(107,106)2.601053819878517
(106,107)2.601053819878517
(109,78)2.6023464145857673
(78,109)2.6023464145857673
(110,80)2.606567566821293
(80,110)2.606567566821293
(110,109)2.604137485974538
(109,110)2.604137485974538
]
al:[
(1,7)5.898726229369424
(7,1)5.898726229369424
(1,11)4.141342308397314
(11,1)4.141342308397314
(2,1)12.42842152793813
(1,2)12.42842152793813
(2,33)10.689784922439419
(33,2)10.689784922439419
(3,2)4.916446484272713
(2,3)4.916446484272713
(4,3)2.0768895940699816
(3,4)2.0768895940699816
(4,37)9.55222162569717
(37,4)9.55222162569717
(5,4)3.371779197679096
(4,5)3.371779197679096
(6,5)4.927988263349872
(5,6)4.927988263349872
(7,8)4.089854949930996
(8,7)4.089854949930996
(7,14)5.2471952010383776
(14,7)5.2471952010383776
(8,61)14.091139295243257
(61,8)14.091139295243257
(8,15)8.145903165229827
(15,8)8.145903165229827
(9,10)7.068234178486212
(10,9)7.068234178486212
(9,16)8.957128001282303
(16,9)8.957128001282303
(10,65)15.127230183783983
(65,10)15.127230183783983
(10,63)7.471801725650325
(63,10)7.471801725650325
(11,12)5.4010529760278265
(12,11)5.4010529760278265
(12,13)4.683729860956558
(13,12)4.683729860956558
(12,45)5.052799833673999
(45,12)5.052799833673999
(13,20)2.7491678130095933
(20,13)2.7491678130095933
(13,21)5.773813156160031
(21,13)5.773813156160031
(14,13)1.5499385936074028
(13,14)1.5499385936074028
(14,15)6.360646265891814
(15,14)6.360646265891814
(15,19)6.667808382049488
(19,15)6.667808382049488
(15,16)8.695274834951217
(16,15)8.695274834951217
(16,17)7.386146347508484
(17,16)7.386146347508484
(17,62)8.054894249263391
(62,17)8.054894249263391
(17,31)4.662950912900933
(31,17)4.662950912900933
(18,17)7.048846273842644
(17,18)7.048846273842644
(19,18)9.504524508475214
(18,19)9.504524508475214
(20,19)5.2339021396567675
(19,20)5.2339021396567675
(21,25)2.610489612287061
(25,21)2.610489612287061
(21,22)3.4175564792896393
(22,21)3.4175564792896393
(22,26)1.9446598643188766
(26,22)1.9446598643188766
(22,23)6.708668382182463
(23,22)6.708668382182463
(23,24)7.852125552786978
(24,23)7.852125552786978
(23,27)2.2743053726791524
(27,23)2.2743053726791524
(24,28)4.566025295450488
(28,24)4.566025295450488
(24,32)7.377915029940241
(32,24)7.377915029940241
(26,27)6.543200699094435
(27,26)6.543200699094435
(26,48)3.6839608238526536
(48,26)3.6839608238526536
(27,49)4.184808383219976
(49,27)4.184808383219976
(27,28)6.151335649764496
(28,27)6.151335649764496
(28,52)3.3590432963556736
(52,28)3.3590432963556736
(28,29)6.634936576225734
(29,28)6.634936576225734
(29,53)4.092315835669832
(53,29)4.092315835669832
(29,30)6.896812083339188
(30,29)6.896812083339188
(30,56)3.369767402712455
(56,30)3.369767402712455
(31,30)6.6519518961872
(30,31)6.6519518961872
(32,31)8.162286784797644
(31,32)8.162286784797644
(32,29)6.021971589520033
(29,32)6.021971589520033
(33,34)3.5689762811178642
(34,33)3.5689762811178642
(34,12)7.5349796671773825
(12,34)7.5349796671773825
(34,40)2.741989498771592
(40,34)2.741989498771592
(35,34)1.5377312252352442
(34,35)1.5377312252352442
(35,38)6.343459829690561
(38,35)6.343459829690561
(36,35)6.878930607868453
(35,36)6.878930607868453
(37,36)4.627250664253502
(36,37)4.627250664253502
(37,33)5.1838628799278315
(33,37)5.1838628799278315
(38,39)3.236749525274743
(39,38)3.236749525274743
(39,40)2.773165408896158
(40,39)2.773165408896158
(40,41)4.866524208243404
(41,40)4.866524208243404
(40,92)5.2514010561606606
(92,40)5.2514010561606606
(41,44)5.790477108439616
(44,41)5.790477108439616
(41,42)4.732922219668952
(42,41)4.732922219668952
(42,43)2.389420855275724
(43,42)2.389420855275724
(43,46)3.3994940120681427
(46,43)3.3994940120681427
(44,26)4.019219513699472
(26,44)4.019219513699472
(44,43)1.965771073150277
(43,44)1.965771073150277
(45,41)4.913541057906329
(41,45)4.913541057906329
(46,47)6.052280045404869
(47,46)6.052280045404869
(47,50)5.830761052185455
(50,47)5.830761052185455
(48,47)2.6356565532447673
(47,48)2.6356565532447673
(49,50)1.8613921354765268
(50,49)1.8613921354765268
(50,51)2.54523279712896
(51,50)2.54523279712896
(51,54)7.9789275737272725
(54,51)7.9789275737272725
(52,53)5.917662109114585
(53,52)5.917662109114585
(52,51)3.2694491016996863
(51,52)3.2694491016996863
(53,54)5.612697345730682
(54,53)5.612697345730682
(54,55)2.792829138938551
(55,54)2.792829138938551
(54,103)7.052047784275958
(103,54)7.052047784275958
(55,57)3.0957929006617553
(57,55)3.0957929006617553
(56,55)4.453991875434358
(55,56)4.453991875434358
(57,97)4.963273355234279
(97,57)4.963273355234279
(57,98)6.167856573033737
(98,57)6.167856573033737
(58,57)2.704769671242986
(57,58)2.704769671242986
(58,71)4.400668681203178
(71,58)4.400668681203178
(59,58)3.5409072719886465
(58,59)3.5409072719886465
(59,72)6.849610484573298
(72,59)6.849610484573298
(60,59)4.17163472022209
(59,60)4.17163472022209
(60,73)9.973437196003566
(73,60)9.973437196003566
(61,9)11.28983801862762
(9,61)11.28983801862762
(62,66)11.285232125058792
(66,62)11.285232125058792
(62,76)8.591196149539687
(76,62)8.591196149539687
(63,62)7.829080866309092
(62,63)7.829080866309092
(64,69)11.43358148576972
(69,64)11.43358148576972
(64,66)8.005244795297253
(66,64)8.005244795297253
(65,70)12.459954066761311
(70,65)12.459954066761311
(65,64)13.048970468258677
(64,65)13.048970468258677
(66,74)6.726085566963189
(74,66)6.726085566963189
(66,67)14.056645573716409
(67,66)14.056645573716409
(67,68)10.955288782416295
(68,67)10.955288782416295
(68,87)10.705040620489678
(87,68)10.705040620489678
(68,80)5.922268232715166
(80,68)5.922268232715166
(69,68)3.6037072699668857
(68,69)3.6037072699668857
(69,90)15.34446466311745
(90,69)15.34446466311745
(70,69)14.608908988395543
(69,70)14.608908988395543
(70,89)14.376834597682201
(89,70)14.376834597682201
(71,94)9.923554732179808
(94,71)9.923554732179808
(71,97)0.842713643023412
(97,71)0.842713643023412
(72,77)11.328525693746903
(77,72)11.328525693746903
(73,72)9.62515458545759
(72,73)9.62515458545759
(74,75)12.841231195170087
(75,74)12.841231195170087
(74,73)9.452790502621303
(73,74)9.452790502621303
(75,77)9.973770908035164
(77,75)9.973770908035164
(75,110)13.328681718510168
(110,75)13.328681718510168
(76,60)6.6441473507811715
(60,76)6.6441473507811715
(76,74)12.374159316996606
(74,76)12.374159316996606
(77,109)10.923784224738364
(109,77)10.923784224738364
(77,94)7.567565135889682
(94,77)7.567565135889682
(78,82)15.78131796903537
(82,78)15.78131796903537
(79,78)9.541107698522586
(78,79)9.541107698522586
(80,81)11.01127376973269
(81,80)11.01127376973269
(80,79)9.867736975915081
(79,80)9.867736975915081
(81,82)6.723114254022765
(82,81)6.723114254022765
(81,87)7.586089178417868
(87,81)7.586089178417868
(82,83)14.522252092885262
(83,82)14.522252092885262
(82,104)8.381928518025006
(104,82)8.381928518025006
(83,86)21.62307794837802
(86,83)21.62307794837802
(84,83)7.619892492898266
(83,84)7.619892492898266
(85,86)10.429279209880413
(86,85)10.429279209880413
(87,88)12.996202623594696
(88,87)12.996202623594696
(88,84)5.855798898363897
(84,88)5.855798898363897
(88,91)26.39989705316992
(91,88)26.39989705316992
(89,90)11.67810269424548
(90,89)11.67810269424548
(90,88)14.782519665685864
(88,90)14.782519665685864
(91,85)3.8449773491628045
(85,91)3.8449773491628045
(92,42)4.262124396701904
(42,92)4.262124396701904
(92,93)2.513016455198485
(93,92)2.513016455198485
(94,95)6.837308314563038
(95,94)6.837308314563038
(94,96)7.68154524109231
(96,94)7.68154524109231
(95,104)20.895905804430804
(104,95)20.895905804430804
(96,99)8.3792846206628
(99,96)8.3792846206628
(97,96)5.788691969536846
(96,97)5.788691969536846
(98,99)6.370171599125567
(99,98)6.370171599125567
(99,108)10.139044305715847
(108,99)10.139044305715847
(100,101)7.631111836441926
(101,100)7.631111836441926
(100,93)6.090646049369866
(93,100)6.090646049369866
(101,102)5.946966011109229
(102,101)5.946966011109229
(102,103)6.823821724879078
(103,102)6.823821724879078
(103,98)0.4042935684753568
(98,103)0.4042935684753568
(104,107)13.587344195271296
(107,104)13.587344195271296
(104,105)14.781048191011328
(105,104)14.781048191011328
(105,106)12.335182003206018
(106,105)12.335182003206018
(107,108)8.790671433584485
(108,107)8.790671433584485
(107,106)15.364787078771297
(106,107)15.364787078771297
(109,78)13.613577962309131
(78,109)13.613577962309131
(110,80)9.092754903893841
(80,110)9.092754903893841
(110,109)11.488628697487188
(109,110)11.488628697487188
]
p:[
(1,7)0.005889765316268806
(7,1)0.005889765316268806
(1,11)0.0030311785032027384
(11,1)0.0030311785032027384
(2,1)0.024061869174583243
(1,2)0.024061869174583243
(2,33)0.018084924673106195
(33,2)0.018084924673106195
(3,2)0.004182357356137715
(2,3)0.004182357356137715
(4,3)8.341269452268519E-4
(3,4)8.341269452268519E-4
(4,37)0.014617400823985844
(37,4)0.014617400823985844
(5,4)0.0020623367185159808
(4,5)0.0020623367185159808
(6,5)0.00420081399757015
(5,6)0.00420081399757015
(7,8)0.0029609088259700566
(8,7)0.0029609088259700566
(7,14)0.004726446177447639
(14,7)0.004726446177447639
(8,61)0.03053747748049632
(61,8)0.03053747748049632
(8,15)0.010819789797379522
(15,8)0.010819789797379522
(9,10)0.008279314223679477
(10,9)0.008279314223679477
(9,16)0.012944120890653714
(16,9)0.012944120890653714
(10,65)0.034945707966026425
(65,10)0.034945707966026425
(10,63)0.009192864440739685
(63,10)0.009192864440739685
(11,12)0.004990238869497209
(12,11)0.004990238869497209
(12,13)0.003818419318038604
(13,12)0.003818419318038604
(12,45)0.004402852444860574
(45,12)0.004402852444860574
(13,20)0.001407856096778545
(20,13)0.001407856096778545
(13,21)0.005657365407133954
(21,13)0.005657365407133954
(14,13)4.836140839637447E-4
(13,14)4.836140839637447E-4
(14,15)0.006787547564082104
(15,14)0.006787547564082104
(15,19)0.007417859427124582
(19,15)0.007417859427124582
(15,16)0.012238612505219551
(16,15)0.012238612505219551
(16,17)0.008995172784881812
(17,16)0.008995172784881812
(17,62)0.010592790770919026
(62,17)0.010592790770919026
(17,31)0.0037866851793964514
(31,17)0.0037866851793964514
(18,17)0.008236570240528922
(17,18)0.008236570240528922
(19,18)0.01447971386122704
(18,19)0.01447971386122704
(20,19)0.004703973009268827
(19,20)0.004703973009268827
(21,25)0.0012780918529248489
(25,21)0.0012780918529248489
(21,22)0.0021150556927510885
(22,21)0.0021150556927510885
(22,26)7.378604841728586E-4
(26,22)7.378604841728586E-4
(22,23)0.0075037046224820025
(23,22)0.0075037046224820025
(23,24)0.010095277034382427
(24,23)0.010095277034382427
(23,27)9.88070620647344E-4
(27,23)9.88070620647344E-4
(24,28)0.0036403107501893415
(28,24)0.0036403107501893415
(24,32)0.008976282572239655
(32,24)0.008976282572239655
(26,27)0.0071589592196467594
(27,26)0.0071589592196467594
(26,48)0.0024342387342450203
(48,26)0.0024342387342450203
(27,49)0.0030911051132444176
(49,27)0.0030911051132444176
(27,28)0.0063732602332693886
(28,27)0.0063732602332693886
(28,52)0.002047780824548936
(52,28)0.002047780824548936
(28,29)0.007349137333863572
(29,28)0.007349137333863572
(29,53)0.0029642497512644903
(53,29)0.0029642497512644903
(29,30)0.007905028732657984
(30,29)0.007905028732657984
(30,56)0.0020600342095790317
(56,30)0.0020600342095790317
(31,30)0.007384671832090354
(30,31)0.007384671832090354
(32,31)0.010860897859294125
(31,32)0.010860897859294125
(32,29)0.006123400048429056
(29,32)0.006123400048429056
(33,34)0.0022938868728518544
(34,33)0.0022938868728518544
(34,12)0.009339986613714763
(12,34)0.009339986613714763
(34,40)0.0014009949298982736
(40,34)0.0014009949298982736
(35,34)4.765512803322161E-4
(34,35)4.765512803322161E-4
(35,38)0.006753064754247374
(38,35)0.006753064754247374
(36,35)0.00786645967784201
(35,36)0.00786645967784201
(37,36)0.0037324548508204363
(36,37)0.0037324548508204363
(37,33)0.004619831179762858
(33,37)0.004619831179762858
(38,39)0.0019104814195048023
(39,38)0.0019104814195048023
(39,40)0.0014309075448327947
(40,39)0.0014309075448327947
(40,41)0.004102968142969875
(41,40)0.004102968142969875
(40,92)0.00473356711534111
(92,40)0.00473356711534111
(41,44)0.005688112458306039
(44,41)0.005688112458306039
(41,42)0.0038940452693133616
(42,41)0.0038940452693133616
(42,43)0.001083444895302588
(43,42)0.001083444895302588
(43,46)0.002094179496225856
(46,43)0.002094179496225856
(44,26)0.0028657706710128357
(26,44)0.0028657706710128357
(44,43)7.528595143463111E-4
(43,44)7.528595143463111E-4
(45,41)0.004177717291531315
(41,45)0.004177717291531315
(46,47)0.006181514588709057
(47,46)0.006181514588709057
(47,50)0.005762767141625015
(50,47)0.005762767141625015
(48,47)0.0013012039215849
(47,48)0.0013012039215849
(49,50)6.800787919064286E-4
(50,49)6.800787919064286E-4
(50,51)0.0012190687479338234
(51,50)0.0012190687479338234
(51,54)0.010405065242375345
(54,51)0.010405065242375345
(52,53)0.0059253818980030595
(53,52)0.0059253818980030595
(52,51)0.001946754535882948
(51,52)0.001946754535882948
(53,54)0.005364159430548523
(54,53)0.005364159430548523
(54,55)0.0014499268473444876
(55,54)0.0014499268473444876
(54,103)0.008243621281450713
(103,54)0.008243621281450713
(55,57)0.0017577963428143664
(57,55)0.0017577963428143664
(56,55)0.0034745177787329122
(55,56)0.0034745177787329122
(57,97)0.004257476968767919
(97,57)0.004257476968767919
(57,98)0.006405510346586138
(98,57)0.006405510346586138
(58,57)0.00136567175908087
(57,58)0.00136567175908087
(58,71)0.00339688899108864
(71,58)0.00339688899108864
(59,58)0.0022602213949096737
(58,59)0.0022602213949096737
(59,72)0.007803412084340779
(72,59)0.007803412084340779
(60,59)0.00307288420771453
(59,60)0.00307288420771453
(60,73)0.01586027961680553
(73,60)0.01586027961680553
(61,9)0.020055531284676274
(9,61)0.020055531284676274
(62,66)0.020040034352975702
(66,62)0.020040034352975702
(62,76)0.011963430047442913
(76,62)0.011963430047442913
(63,62)0.01003945527904071
(62,63)0.01003945527904071
(64,69)0.02054204871341474
(69,64)0.02054204871341474
(64,66)0.010469918412001414
(66,64)0.010469918412001414
(65,70)0.024177786734434617
(70,65)0.024177786734434617
(65,64)0.026392116012335095
(64,65)0.026392116012335095
(66,74)0.007540439851392511
(74,66)0.007540439851392511
(66,67)0.03039563407481507
(67,66)0.03039563407481507
(67,68)0.018944832481218525
(68,67)0.018944832481218525
(68,87)0.018133817199651694
(87,68)0.018133817199651694
(68,80)0.0059340609523554355
(80,68)0.0059340609523554355
(69,68)0.002335866577514845
(68,69)0.002335866577514845
(69,90)0.03590615782969646
(90,69)0.03590615782969646
(70,69)0.032704717157951216
(69,70)0.032704717157951216
(70,89)0.03172448958321222
(89,70)0.03172448958321222
(71,94)0.015710565976747654
(94,71)0.015710565976747654
(71,97)1.5601369488963215E-4
(97,71)1.5601369488963215E-4
(72,77)0.02018592560419715
(77,72)0.02018592560419715
(73,72)0.01482913775608855
(72,73)0.01482913775608855
(74,75)0.025600529593768157
(75,74)0.025600529593768157
(74,73)0.014331076617829825
(73,74)0.014331076617829825
(75,77)0.01586128347884948
(77,75)0.01586128347884948
(75,110)0.027476203867821857
(110,75)0.027476203867821857
(76,60)0.007368362860790207
(60,76)0.007368362860790207
(76,74)0.02386301966218967
(74,76)0.02386301966218967
(77,109)0.018841797813919307
(109,77)0.018841797813919307
(77,94)0.009416302106474215
(94,77)0.009416302106474215
(78,82)0.03787550156146164
(82,78)0.03787550156146164
(79,78)0.0145852627696206
(78,79)0.0145852627696206
(80,81)0.019128592571008986
(81,80)0.019128592571008986
(80,79)0.015543842466739736
(79,80)0.015543842466739736
(81,82)0.007534166923465669
(82,81)0.007534166923465669
(81,87)0.009459817181763395
(87,81)0.009459817181763395
(82,83)0.032337021765230456
(83,82)0.032337021765230456
(82,104)0.011419158702785159
(104,82)0.011419158702785159
(83,86)0.0690443998647591
(86,83)0.0690443998647591
(84,83)0.009539470766024403
(83,84)0.009539470766024403
(85,86)0.017259781870819068
(86,85)0.017259781870819068
(87,88)0.026189949840862935
(88,87)0.026189949840862935
(88,84)0.005809399774829356
(84,88)0.005809399774829356
(88,91)0.10116016092708113
(91,88)0.10116016092708113
(89,90)0.021382473483797158
(90,89)0.021382473483797158
(90,88)0.03344737810956262
(88,90)0.03344737810956262
(91,85)0.002637356094724992
(85,91)0.002637356094724992
(92,42)0.0031990661843039098
(42,92)0.0031990661843039098
(92,93)0.0011904126002146988
(93,92)0.0011904126002146988
(94,95)0.007777030225083347
(95,94)0.007777030225083347
(94,96)0.009685565687672787
(96,94)0.009685565687672787
(95,104)0.06467669758700609
(104,95)0.06467669758700609
(96,99)0.011412359569181222
(99,96)0.011412359569181222
(97,96)0.005684814883229367
(96,97)0.005684814883229367
(98,99)0.006806695020107891
(99,98)0.006806695020107891
(99,108)0.016362180308444062
(108,99)0.016362180308444062
(100,101)0.009565978014304791
(101,100)0.009565978014304791
(100,93)0.0062554518067123475
(93,100)0.0062554518067123475
(101,102)0.005980700156572443
(102,101)0.005980700156572443
(102,103)0.007748157117741287
(103,102)0.007748157117741287
(103,98)4.014571469783696E-5
(98,103)4.014571469783696E-5
(104,107)0.028497335026281996
(107,104)0.028497335026281996
(104,105)0.03344104984441844
(105,104)0.03344104984441844
(105,106)0.023720671377808797
(106,105)0.023720671377808797
(107,108)0.01249345685021313
(108,107)0.01249345685021313
(107,106)0.03599664917347539
(106,107)0.03599664917347539
(109,78)0.02860189768095867
(78,109)0.02860189768095867
(110,80)0.013316939919348679
(80,110)0.013316939919348679
(110,109)0.020729840101799638
(109,110)0.020729840101799638
]
h:[(1,7)4.642499999999655
(7,1)4.642499999999655
(1,11)4.491499999999587
(11,1)4.491499999999587
(2,1)3.257999999999538
(1,2)3.257999999999538
(2,33)3.1029999999995654
(33,2)3.1029999999995654
(3,2)2.005499999999711
(2,3)2.005499999999711
(4,3)1.7974999999998544
(3,4)1.7974999999998544
(4,37)2.463999999999669
(37,4)2.463999999999669
(5,4)1.671499999999878
(4,5)1.671499999999878
(6,5)1.39399999999996
(5,6)1.39399999999996
(7,8)5.1954999999997655
(8,7)5.1954999999997655
(7,14)5.166499999999769
(14,7)5.166499999999769
(8,61)6.787999999999737
(61,8)6.787999999999737
(8,15)5.995999999999822
(15,8)5.995999999999822
(9,10)10.512999999999646
(10,9)10.512999999999646
(9,16)10.762999999999646
(16,9)10.762999999999646
(10,65)12.759499999999615
(65,10)12.759499999999615
(10,63)11.364999999999736
(63,10)11.364999999999736
(11,12)4.904499999999598
(12,11)4.904499999999598
(12,13)5.302499999999736
(13,12)5.302499999999736
(12,45)5.282999999999629
(45,12)5.282999999999629
(13,20)5.493999999999869
(20,13)5.493999999999869
(13,21)5.646500000000015
(21,13)5.646500000000015
(14,13)5.41349999999984
(13,14)5.41349999999984
(14,15)5.9669999999998256
(15,14)5.9669999999998256
(15,19)6.244499999999744
(19,15)6.244499999999744
(15,16)8.973499999999785
(16,15)8.973499999999785
(16,17)10.35300000000002
(17,16)10.35300000000002
(17,62)10.974499999999988
(62,17)10.974499999999988
(17,31)8.99000000000019
(31,17)8.99000000000019
(18,17)8.940500000000338
(17,18)8.940500000000338
(19,18)7.264499999999952
(18,19)7.264499999999952
(20,19)5.750999999999704
(19,20)5.750999999999704
(21,25)5.923000000000184
(25,21)5.923000000000184
(21,22)5.934500000000026
(22,21)5.934500000000026
(22,26)6.116999999999689
(26,22)6.116999999999689
(22,23)6.277999999999975
(23,22)6.277999999999975
(23,24)6.906500000000006
(24,23)6.906500000000006
(23,27)6.640499999999929
(27,23)6.640499999999929
(24,28)7.15900000000006
(28,24)7.15900000000006
(24,32)7.628000000000111
(32,24)7.628000000000111
(26,27)6.479499999999644
(27,26)6.479499999999644
(26,48)6.369999999999618
(48,26)6.369999999999618
(27,49)6.850499999999966
(49,27)6.850499999999966
(27,28)6.892999999999984
(28,27)6.892999999999984
(28,52)7.171000000000004
(52,28)7.171000000000004
(28,29)7.800000000000136
(29,28)7.800000000000136
(29,53)8.132000000000016
(53,29)8.132000000000016
(29,30)9.565999999999757
(30,29)9.565999999999757
(30,56)10.674499999999352
(56,30)10.674499999999352
(31,30)9.631499999999686
(30,31)9.631499999999686
(32,31)8.334500000000116
(31,32)8.334500000000116
(32,29)8.269000000000187
(29,32)8.269000000000187
(33,34)4.16799999999962
(34,33)4.16799999999962
(34,12)4.735999999999604
(12,34)4.735999999999604
(34,40)4.706499999999733
(40,34)4.706499999999733
(35,34)4.2799999999997
(34,35)4.2799999999997
(35,38)4.543499999999722
(38,35)4.543499999999722
(36,35)3.8719999999997983
(35,36)3.8719999999997983
(37,36)3.328999999999678
(36,37)3.328999999999678
(37,33)3.603999999999542
(33,37)3.603999999999542
(38,39)4.915499999999565
(39,38)4.915499999999565
(39,40)5.057499999999618
(40,39)5.057499999999618
(40,41)5.464499999999771
(41,40)5.464499999999771
(40,92)5.331499999999733
(92,40)5.331499999999733
(41,44)6.078999999999678
(44,41)6.078999999999678
(41,42)5.8334999999996855
(42,41)5.8334999999996855
(42,43)5.968999999999551
(43,42)5.968999999999551
(43,46)6.2094999999994345
(46,43)6.2094999999994345
(44,26)6.282499999999527
(26,44)6.282499999999527
(44,43)6.214499999999544
(43,44)6.214499999999544
(45,41)5.605999999999722
(41,45)5.605999999999722
(46,47)6.481999999999471
(47,46)6.481999999999471
(47,50)6.829999999999655
(50,47)6.829999999999655
(48,47)6.574499999999671
(47,48)6.574499999999671
(49,50)6.996499999999924
(50,49)6.996499999999924
(50,51)7.249499999999853
(51,50)7.249499999999853
(51,54)7.8459999999999575
(54,51)7.8459999999999575
(52,53)7.502999999999884
(53,52)7.502999999999884
(52,51)7.381499999999915
(51,52)7.381499999999915
(53,54)7.9674999999999265
(54,53)7.9674999999999265
(54,55)9.704999999999654
(55,54)9.704999999999654
(54,103)6.495000000000072
(103,54)6.495000000000072
(55,57)12.987999999999555
(57,55)12.987999999999555
(56,55)10.977999999999337
(55,56)10.977999999999337
(57,97)14.91349999999984
(97,57)14.91349999999984
(57,98)9.781500000000005
(98,57)9.781500000000005
(58,57)14.737999999999783
(57,58)14.737999999999783
(58,71)14.859999999999854
(71,58)14.859999999999854
(59,58)14.605999999999721
(58,59)14.605999999999721
(59,72)17.859499999999525
(72,59)17.859499999999525
(60,59)14.402999999999746
(59,60)14.402999999999746
(60,73)17.206999999999606
(73,60)17.206999999999606
(61,9)9.122499999999672
(9,61)9.122499999999672
(62,66)15.354499999999415
(66,62)15.354499999999415
(62,76)13.09599999999973
(76,62)13.09599999999973
(63,62)12.236499999999705
(62,63)12.236499999999705
(64,69)19.820499999999765
(69,64)19.820499999999765
(64,66)17.599999999999408
(66,64)17.599999999999408
(65,70)17.000999999999703
(70,65)17.000999999999703
(65,64)15.876499999999577
(64,65)15.876499999999577
(66,74)16.98099999999972
(74,66)16.98099999999972
(66,67)19.38449999999916
(67,66)19.38449999999916
(67,68)21.710999999999512
(68,67)21.710999999999512
(68,87)24.253999999999404
(87,68)24.253999999999404
(68,80)23.148999999999386
(80,68)23.148999999999386
(69,68)22.606999999999925
(68,69)22.606999999999925
(69,90)24.984499999999752
(90,69)24.984499999999752
(70,69)20.94499999999989
(69,70)20.94499999999989
(70,89)22.34949999999976
(89,70)22.34949999999976
(71,94)19.453499999999575
(94,71)19.453499999999575
(71,97)15.03549999999991
(97,71)15.03549999999991
(72,77)22.181999999999288
(77,72)22.181999999999288
(73,72)20.663499999999384
(72,73)20.663499999999384
(74,75)18.117999999999665
(75,74)18.117999999999665
(74,73)18.015999999999803
(73,74)18.015999999999803
(75,77)21.750499999999146
(77,75)21.750499999999146
(75,110)21.531999999999197
(110,75)21.531999999999197
(76,60)13.91349999999984
(60,76)13.91349999999984
(76,74)14.722500000000036
(74,76)14.722500000000036
(77,109)24.801499999999304
(109,77)24.801499999999304
(77,94)23.521999999999206
(94,77)23.521999999999206
(78,82)28.925499999999328
(82,78)28.925499999999328
(79,78)26.562999999999146
(78,79)26.562999999999146
(80,81)24.327499999998917
(81,80)24.327499999998917
(80,79)24.163999999998804
(79,80)24.163999999998804
(81,82)27.26899999999905
(82,81)27.26899999999905
(81,87)25.432499999998935
(87,81)25.432499999998935
(82,83)30.958499999999454
(83,82)30.958499999999454
(82,104)29.748999999999295
(104,82)29.748999999999295
(83,86)35.90800000000009
(86,83)35.90800000000009
(84,83)31.61799999999966
(83,84)31.61799999999966
(85,86)37.92050000000036
(86,85)37.92050000000036
(87,88)28.068499999999357
(88,87)28.068499999999357
(88,84)30.56449999999968
(84,88)30.56449999999968
(88,91)33.30950000000003
(91,88)33.30950000000003
(89,90)26.388999999999623
(90,89)26.388999999999623
(90,88)28.9049999999997
(88,90)28.9049999999997
(91,85)36.37550000000029
(85,91)36.37550000000029
(92,42)5.700499999999647
(42,92)5.700499999999647
(92,93)3.638999999999851
(93,92)3.638999999999851
(94,95)24.37649999999935
(95,94)24.37649999999935
(94,96)19.761999999999443
(96,94)19.761999999999443
(95,104)27.452999999999474
(104,95)27.452999999999474
(96,99)16.21449999999977
(99,96)16.21449999999977
(97,96)15.343999999999777
(96,97)15.343999999999777
(98,99)10.779500000000052
(99,98)10.779500000000052
(99,108)24.86499999999974
(108,99)24.86499999999974
(100,101)1.751500000000033
(101,100)1.751500000000033
(100,93)1.4635000000000218
(93,100)1.4635000000000218
(101,102)2.764499999999953
(102,101)2.764499999999953
(102,103)3.998000000000002
(103,102)3.998000000000002
(103,98)4.773500000000195
(98,103)4.773500000000195
(104,107)30.898499999999512
(107,104)30.898499999999512
(104,105)32.62249999999945
(105,104)32.62249999999945
(105,106)36.21499999999942
(106,105)36.21499999999942
(107,108)32.357499999999575
(108,107)32.357499999999575
(107,106)34.49099999999949
(106,107)34.49099999999949
(109,78)27.40949999999948
(78,109)27.40949999999948
(110,80)23.15749999999907
(80,110)23.15749999999907
(110,109)24.582999999999355
(109,110)24.582999999999355
]
lg:[
(1,7)101.02270091420041
(7,1)101.02270091420041
(1,11)96.66207374146283
(11,1)96.66207374146283
(2,1)90.35042058562902
(1,2)90.35042058562902
(2,33)103.06927088128587
(33,2)103.06927088128587
(3,2)79.14196990219531
(2,3)79.14196990219531
(4,3)101.90295432420002
(3,4)101.90295432420002
(4,37)97.00767031528987
(37,4)97.00767031528987
(5,4)80.9761075873616
(4,5)80.9761075873616
(6,5)92.36305159532137
(5,6)92.36305159532137
(7,8)172.58214623766835
(8,7)172.58214623766835
(7,14)95.8436810645334
(14,7)95.8436810645334
(8,61)87.56453448742808
(61,8)87.56453448742808
(8,15)100.74132865909613
(15,8)100.74132865909613
(9,10)94.93539908801112
(10,9)94.93539908801112
(9,16)99.35012279811238
(16,9)99.35012279811238
(10,65)106.07883530657777
(65,10)106.07883530657777
(10,63)99.86006058480017
(63,10)99.86006058480017
(11,12)89.97565281785961
(12,11)89.97565281785961
(12,13)90.87529972440267
(13,12)90.87529972440267
(12,45)69.95464959529122
(45,12)69.95464959529122
(13,20)85.2359841850845
(20,13)85.2359841850845
(13,21)75.12330730206249
(21,13)75.12330730206249
(14,13)84.77834157377644
(13,14)84.77834157377644
(14,15)169.13325308761722
(15,14)169.13325308761722
(15,19)79.94219974456556
(19,15)79.94219974456556
(15,16)187.3578397078706
(16,15)187.3578397078706
(16,17)80.04293160548333
(17,16)80.04293160548333
(17,62)99.02961577225294
(62,17)99.02961577225294
(17,31)74.99963333243653
(31,17)74.99963333243653
(18,17)87.2936160323304
(17,18)87.2936160323304
(19,18)99.93291399734157
(18,19)99.93291399734157
(20,19)83.75898399574797
(19,20)83.75898399574797
(21,25)100.1492965526968
(25,21)100.1492965526968
(21,22)71.39291911667426
(22,21)71.39291911667426
(22,26)100.2899621098738
(26,22)100.2899621098738
(22,23)71.43138315894494
(23,22)71.43138315894494
(23,24)71.41953584279328
(24,23)71.41953584279328
(23,27)100.19526735330366
(27,23)100.19526735330366
(24,28)99.9914636356526
(28,24)99.9914636356526
(24,32)80.43418800485271
(32,24)80.43418800485271
(26,27)71.37909077594047
(27,26)71.37909077594047
(26,48)119.95536669945191
(48,26)119.95536669945191
(27,49)120.0218001031479
(49,27)120.0218001031479
(27,28)71.54893779784588
(28,27)71.54893779784588
(28,52)117.20004266210786
(52,28)117.20004266210786
(28,29)71.57302634372832
(29,28)71.57302634372832
(29,53)115.37489371609387
(53,29)115.37489371609387
(29,30)64.0098875174766
(30,29)64.0098875174766
(30,56)88.83347623503244
(56,30)88.83347623503244
(31,30)100.88464551159429
(30,31)100.88464551159429
(32,31)63.622732572564054
(31,32)63.622732572564054
(32,29)91.45246032775731
(29,32)91.45246032775731
(33,34)79.34131458452171
(34,33)79.34131458452171
(34,12)93.14788510750002
(12,34)93.14788510750002
(34,40)173.44816516758016
(40,34)173.44816516758016
(35,34)88.13322245328362
(34,35)88.13322245328362
(35,38)84.25803997245615
(38,35)84.25803997245615
(36,35)98.39241942344987
(35,36)98.39241942344987
(37,36)83.5910982102762
(36,37)83.5910982102762
(37,33)186.58690468518975
(33,37)186.58690468518975
(38,39)91.59994868994184
(39,38)91.59994868994184
(39,40)76.17543173491009
(40,39)76.17543173491009
(40,41)93.347056729176
(41,40)93.347056729176
(40,92)92.74189829844963
(92,40)92.74189829844963
(41,44)92.12194798200916
(44,41)92.12194798200916
(41,42)91.16483642282245
(42,41)91.16483642282245
(42,43)92.29818741448842
(43,42)92.29818741448842
(43,46)116.03589875551468
(46,43)116.03589875551468
(44,26)71.53398632817854
(26,44)71.53398632817854
(44,43)91.65056519192818
(43,44)91.65056519192818
(45,41)101.01210076025612
(41,45)101.01210076025612
(46,47)71.17996628265563
(47,46)71.17996628265563
(47,50)71.49343186615103
(50,47)71.49343186615103
(48,47)89.91672869939202
(47,48)89.91672869939202
(49,50)89.69548929572757
(50,49)89.69548929572757
(50,51)71.36595056467795
(51,50)71.36595056467795
(51,54)71.88806437789219
(54,51)71.88806437789219
(52,53)71.55656923022504
(53,52)71.55656923022504
(52,51)92.97525531021697
(51,52)92.97525531021697
(53,54)94.14336142288546
(54,53)94.14336142288546
(54,55)70.34837666925938
(55,54)70.34837666925938
(54,103)97.16603573265691
(103,54)97.16603573265691
(55,57)103.53872946873531
(57,55)103.53872946873531
(56,55)122.03132261841601
(55,56)122.03132261841601
(57,97)99.82438028858525
(97,57)99.82438028858525
(57,98)79.61894874965371
(98,57)79.61894874965371
(58,57)70.29507592996868
(57,58)70.29507592996868
(58,71)100.09158406179822
(71,58)100.09158406179822
(59,58)74.32900174225362
(58,59)74.32900174225362
(59,72)94.70216259410353
(72,59)94.70216259410353
(60,59)77.45166557279504
(59,60)77.45166557279504
(60,73)98.86332636524014
(73,60)98.86332636524014
(61,9)99.47380459196313
(9,61)99.47380459196313
(62,66)99.94992846420621
(66,62)99.94992846420621
(62,76)74.72773246927775
(76,62)74.72773246927775
(63,62)82.17577319380703
(62,63)82.17577319380703
(64,69)204.02054626924215
(69,64)204.02054626924215
(64,66)87.87078979956944
(66,64)87.87078979956944
(65,70)197.53669152843483
(70,65)197.53669152843483
(65,64)95.7482908463641
(64,65)95.7482908463641
(66,74)71.34862297199508
(74,66)71.34862297199508
(66,67)87.15067412246455
(67,66)87.15067412246455
(67,68)118.76589577820752
(68,67)118.76589577820752
(68,87)97.05623369985051
(87,68)97.05623369985051
(68,80)75.83339699631028
(80,68)75.83339699631028
(69,68)90.75860840713699
(68,69)90.75860840713699
(69,90)191.4713357137304
(90,69)191.4713357137304
(70,69)95.15446915410752
(69,70)95.15446915410752
(70,89)186.63814856561353
(89,70)186.63814856561353
(71,94)86.50229418922939
(94,71)86.50229418922939
(71,97)70.50663089383868
(97,71)70.50663089383868
(72,77)74.40827978121796
(77,72)74.40827978121796
(73,72)71.95293600680985
(72,73)71.95293600680985
(74,75)67.81109717442972
(75,74)67.81109717442972
(74,73)106.90055191625552
(73,74)106.90055191625552
(75,77)178.61101869705558
(77,75)178.61101869705558
(75,110)87.2027304618382
(110,75)87.2027304618382
(76,60)100.56507992340082
(60,76)100.56507992340082
(76,74)98.8558880391048
(74,76)98.8558880391048
(77,109)80.83092786798868
(109,77)80.83092786798868
(77,94)75.40114919548654
(94,77)75.40114919548654
(78,82)74.74488477481236
(82,78)74.74488477481236
(79,78)99.82679249580298
(78,79)99.82679249580298
(80,81)77.63247580748683
(81,80)77.63247580748683
(80,79)74.49895368392704
(79,80)74.49895368392704
(81,82)168.29996108139812
(82,81)168.29996108139812
(81,87)76.63995889873662
(87,81)76.63995889873662
(82,83)72.33195490238037
(83,82)72.33195490238037
(82,104)75.13688375225503
(104,82)75.13688375225503
(83,86)71.72196455758858
(86,83)71.72196455758858
(84,83)174.22350157197496
(83,84)174.22350157197496
(85,86)167.6150962771548
(86,85)167.6150962771548
(87,88)93.66188232146497
(88,87)93.66188232146497
(88,84)76.59999608355069
(84,88)76.59999608355069
(88,91)58.66934122691345
(91,88)58.66934122691345
(89,90)100.92377767404477
(90,89)100.92377767404477
(90,88)85.9260175965354
(88,90)85.9260175965354
(91,85)74.6960186355337
(85,91)74.6960186355337
(92,42)93.4647746479925
(42,92)93.4647746479925
(92,93)73.08390383661771
(93,92)73.08390383661771
(94,95)128.4552034757644
(95,94)128.4552034757644
(94,96)78.88026622673135
(96,94)78.88026622673135
(95,104)79.6886698345505
(104,95)79.6886698345505
(96,99)84.55744792742973
(99,96)84.55744792742973
(97,96)106.59977720426973
(96,97)106.59977720426973
(98,99)218.3144676836604
(99,98)218.3144676836604
(99,108)185.4276106732758
(108,99)185.4276106732758
(100,101)115.30446738960293
(101,100)115.30446738960293
(100,93)84.24651268746916
(93,100)84.24651268746916
(101,102)154.32975669001746
(102,101)154.32975669001746
(102,103)199.2731918748732
(103,102)199.2731918748732
(103,98)174.36481210381848
(98,103)174.36481210381848
(104,107)60.95306801138113
(107,104)60.95306801138113
(104,105)155.04896000941073
(105,104)155.04896000941073
(105,106)62.13989378812941
(106,105)62.13989378812941
(107,108)94.52948164461726
(108,107)94.52948164461726
(107,106)151.34742052641656
(106,107)151.34742052641656
(109,78)68.07240630387632
(78,109)68.07240630387632
(110,80)64.20393913148936
(80,110)64.20393913148936
(110,109)178.7761015907884
(109,110)178.7761015907884
]
