0 0.024599651127124 160.49 0
1 0.0529996018866548 159.95 123.001190634237
2 0.0760017661486032 159.8 142.000079775578
3 0.168831987371633 161.5 115.000046574991
4 0.202455058635929 160.2 135.001202061648
5 0.269855086193401 159.6 168.119434811108
6 0.439053824313093 158.2 172.001389788785
7 0.463654164557137 157.9 120.002269328542
8 0.523054299591939 158.6 123.000134709526
9 0.642408234707322 156.9 142.000253618874
10 0.735291766218661 155.3 155.037300807588
11 0.873598987727449 156.1 109.202403924639
12 0.909692975901874 158.3 199.494603698477
13 1.06512499687206 157.4 180.471765566833
14 1.09661023183221 156.9 120.001043329464
15 2.05870225868438 158 157.419893400325
16 1000 156.6 200.001128956814