0 0.0510010037039673 160.3 0
1 0.0910005267826287 160.5 160.000115199959
2 0.121000296486759 160.7 130.000041599993
3 0.277000881415861 160.5 146.372949046545
4 0.514000355684809 159.8 141.42153725653
5 0.622000903315091 159.3 154.029473110473
6 0.695000710839823 159.5 140.357188769689
7 0.921000920790999 159.8 154.030072012424
8 0.957000266601591 159.4 105.475628915878
9 1.02000099617679 159.4 197.295316891538
10 1.19200059306397 158.8 186.079298316202
11 1.36700093478306 158.6 170.075830616728
12 1000 158.4 165.003882371325