Manholes 20
1 103594 117364 2555.67
2 103674 117349 2555.62
3 103777 117331 2555.38
4 103833 117324 2555.14
5 103580 117310 2555.72
6 103658 117290 2555.88
7 103761 117265 2555.4
8 103821 117246 2554.97
9 103483 117238 2555.29
10 103554 117243 2556.02
11 103641 117221 2555.52
12 103744 117194 2555.63
13 103816 117172 2555.01
14 103470 117172 2555.87
15 103519 117160 2555.65
16 103619 117136 2555.66
17 103722 117111 2555.5
18 103808 117093 2555.24
19 103808 117008 2555.24
20 103808 116998 2555.24
Sections 27
1 2 I 0.0257625
1 5 I 0.0085875
2 3 C 0.107525
3 4 C 0.150575
3 7 I 0.01435
4 8 C 0.184475
5 6 C 0.0429375
6 2 I 0.0199625
6 7 I 0.0199625
6 11 C 0.0828625
7 8 C 0.127913
8 13 C 0.366488
9 10 C 0.04195
10 11 C 0.0890125
10 15 I 0.0156875
11 12 C 0.279337
12 7 I 0.016
12 13 C 0.327337
13 18 C 0.751275
14 9 I 0.00735
14 15 I 0.02205
15 16 C 0.0984875
16 11 I 0.0185625
16 17 C 0.154175
17 18 C 0.202875
18 19 C 1.0174
19 20 C 1.0387
