0 0.0283995395943463 160.48 0
1 0.0514003964818885 160.49 142.000181759884
2 0.109231875505879 160.48 115.000129374927
3 0.171855528227851 160.49 135.003075433719
4 0.250653631848069 160.48 145.000065431235
5 0.415053972942826 160.49 183.992219317843
6 0.609296384764986 160.48 187.002828353611
7 0.690320427055181 160.49 150.602618311242
8 0.758705097002309 160.48 105.119545662641
9 0.817375664667473 160.49 125.000980096158
10 0.873375002991584 160.49 97.3509143938566
11 0.909375417131695 160.48 115.00158483283
12 1.37904591318997 160.49 180.002913825416
13 2.01870216321886 160.48 120.830597488633
14 2.05870229378928 160.49 205.057159549671
15 1000 160.48 200.001128956814