0 0.0246007049383842 160.49 0
1 0.059600365338693 160.48 123.000199259839
2 0.123431410215481 160.49 175.000353508393
3 0.191452560959137 160.48 165.000421376462
4 0.397048951964778 160.49 172.002535682709
5 0.688450063465721 160.48 187.002365619187
6 1.07173006440999 160.49 196.001041502033
7 1.20596615042932 160.49 97.349924745239
8 1.24196603592213 160.48 115.000077371974
9 1.29653137874195 160.49 180.000136160949
10 1.73394786162541 160.48 120.830566604399
11 2.05869067292496 160.49 205.056670646656
12 1000 160.48 200.001128956814