0 0.0350007937051782 159.95 0
1 0.0658315421009748 161.5 175.000171499916
2 0.168831987371633 161.5 154.156228039642
3 0.202455058635929 160.2 135.001202061648
4 0.269855086193401 159.6 168.119434811108
5 0.439053824313093 158.2 172.001389788785
6 0.463654164557137 157.9 120.002269328542
7 0.523054299591939 158.6 123.000134709526
8 0.642408234707322 156.9 142.000253618874
9 0.735291766218661 155.3 155.037300807588
10 0.873598987727449 156.1 109.202403924639
11 0.909692975901874 158.3 199.494603698477
12 1.06512499687206 157.4 180.471765566833
13 1.09661023183221 156.9 120.001043329464
14 1000 158 157.419893400325