Manholes 14
0 0 0 160.5
1 100 75 160.49
2 100 220 160.5
3 0 330 160.49
4 140 330 160.5
5 200 220 160.49
6 200 75 160.5
7 120 0 160.49
8 250 0 160.5
9 320 75 160.49
10 320 220 160.5
11 250 330 160.49
12 400 0 160.5
13 400 -130 160.49
Sections 20
1 0 I 0.0300011479451164
0 7 C 0.0500009659822805
7 8 C 0.0750004802495954
8 9 C 0.0970003107097006
9 12 C 0.640000363900976
12 13 C 0.705000372600096
7 6 I 0.0210009229278671
6 9 C 0.174000740828062
2 1 I 0.035000728466165
1 6 C 0.0640008079495637
8 12 I 0.0460002548805114
3 4 I 0.0450009239299581
4 5 C 0.0930008333314041
5 10 C 0.216000447633519
10 9 C 0.33500060166207
4 11 I 0.0540012879579443
11 10 C 0.0830005011733622
5 6 I 0.0560006902299028
3 2 I 0.0410002657786181
2 5 C 0.104000814234086