Manholes 20
0 0 0 160.5
1 160 0 160.3
2 300 -50 160.1
3 0 -130 160.7
4 145 -150 160.5
5 285 -130 159.8
6 410 -170 159.9
7 110 -270 159.5
8 250 -280 159.3
9 40 -410 159.4
10 145 -420 159.8
11 290 -390 159.7
12 430 -360 159.5
13 150 -540 159.3
14 310 -580 159.1
15 440 -550 159
16 70 -605 159.4
17 230 -700 158.8
18 400 -695 158.6
19 400 -860 158.4
Sections 31
6 12 I 0.051
12 15 C 0.042
15 18 C 0.04
18 19 C 0.05
13 14 I 0.06
14 15 C 0.036
16 13 I 0.028
13 17 C 0.05
17 18 C 0.023
12 11 I 0.042
11 10 C 0.05
10 9 C 0.043
9 16 C 0.031
16 17 C 0.065
13 10 I 0.054
1 0 I 0.069
0 3 C 0.021
3 4 C 0.047
4 5 C 0.036
5 8 C 0.045
8 7 C 0.044
7 10 C 0.025
2 6 I 0.057
6 5 C 0.043
11 14 I 0.031
8 11 I 0.028
4 7 I 0.057
2 1 I 0.063
1 4 C 0.056
1 5 I 0.05
8 6 I 0.03