Manholes 44
0 0 0 160.49
1 0 123 159.95
2 -142 123 159.8
3 -142 238 161.5
4 0 298 161.5
5 0 463 159.6
6 -142 373 160.2
7 -142 518 156.5
8 0 635 158.2
9 0 755 157.9
10 -142 728 156.8
11 0 870 155.2
12 187 265 163.2
13 187 400 162.5
14 187 510 163.2
15 187 635 157.9
16 123 755 158.6
17 123 897 156.9
18 278 755 156.3
19 278 900 155.3
20 312 400 155.6
21 312 515 154.2
22 383 635 158.3
23 383 760 157.5
24 383 930 156.1
25 437 265 159.62
26 437 415 160.2
27 437 551 161.2
28 437 716 159.8
29 552 716 159.6
30 552 896 160.2
31 552 1036 158.3
32 607 265 162.1
33 607 407 161.3
34 732 716 160.2
35 732 868 158.3
36 732 1023 157.4
37 852 1023 156.9
38 772 265 163.2
39 772 395 162.5
40 772 515 159.3
41 850 690 160.2
42 922 882 158
43 1122 882 156.6
Sections 66
31 30 I 0.0279994276375034
30 35 C 0.143818336636756
35 36 C 0.174818501428486
36 37 C 0.507401519060699
37 42 C 0.538889050369251
42 43 C 2.05869067292496
33 32 I 0.0283995032430054
32 38 C 0.0953995218797548
38 39 C 0.121400622935222
39 40 C 0.416734464748458
40 41 C 0.455058283024497
41 42 C 1.47979832428575
26 27 I 0.0271993861549054
27 28 C 0.127586026558351
28 29 C 0.893162715544107
29 34 C 0.929159434928292
34 41 C 0.983719771765649
29 30 I 0.0360005384357183
12 13 I 0.0269992755120483
13 14 C 0.0490007125422198
14 15 C 0.073933867915196
15 22 C 0.677092928122359
22 28 C 0.74258471557424
35 34 I 0.0304000132951693
18 19 I 0.0289987361109777
19 24 C 0.198595878923567
24 31 C 0.272493406588481
31 36 C 0.30858665827622
12 25 I 0.0499945467550766
25 26 C 0.0800004248570281
26 33 C 0.238253232218267
33 39 C 0.2713398211488
18 23 I 0.021023806309302
23 22 C 0.04602515871277
0 1 I 0.0245994128447735
1 2 C 0.0529995723760114
2 3 C 0.076001735457995
3 6 C 0.103000666551337
6 5 C 0.136623541095505
5 8 C 0.269852905730085
8 9 C 0.439051896070712
9 16 C 0.463653642864701
16 15 C 0.521853210877028
18 15 I 0.0420427881363328
23 30 I 0.0433859689058045
16 17 I 0.0283988652397944
17 19 C 0.147744438801605
23 24 I 0.0339976738215716
9 11 I 0.0229929471525997
11 17 C 0.0883487987614447
3 4 I 0.0308307952582683
4 5 C 0.0988245654825053
25 32 I 0.0339976738215716
15 8 I 0.0374011940740469
14 21 I 0.0249562831675693
21 20 C 0.0740361037775872
20 26 C 0.124215853782969
27 21 I 0.0259775703221888
13 20 I 0.024962293631845
6 7 I 0.0289902200985913
7 8 C 0.10779695882208
18 16 I 0.0309987731201039
40 27 I 0.0673861875482939
1 4 I 0.0350007592175896
10 11 I 0.040157544207699
10 7 I 0.0419924282260955