Manholes 44
0 0 0 160.49
1 0 123 160.48
2 -142 123 160.49
3 -142 238 160.48
4 0 298 160.49
5 0 463 160.48
6 -142 373 160.49
7 -142 518 160.48
8 0 635 160.49
9 0 755 160.48
10 -142 728 160.49
11 0 870 160.48
12 187 265 160.49
13 187 400 160.48
14 187 510 160.49
15 187 635 160.48
16 123 755 160.49
17 123 897 160.48
18 278 755 160.49
19 278 900 160.48
20 312 400 160.49
21 312 515 160.48
22 383 635 160.49
23 383 760 160.48
24 383 930 160.49
25 437 265 160.48
26 437 415 160.49
27 437 551 160.48
28 437 716 160.49
29 552 716 160.48
30 552 896 160.49
31 552 1036 160.48
32 607 265 160.49
33 607 407 160.48
34 732 716 160.49
35 732 868 160.48
36 732 1023 160.49
37 852 1023 160.48
38 772 265 160.49
39 772 395 160.48
40 772 515 160.49
41 850 690 160.48
42 922 882 160.49
43 1122 882 160.48
Sections 66
29 30 I 0.036000573295906
30 35 C 0.0724343621909062
35 36 C 0.103433893876899
36 37 C 0.253265964844573
37 42 C 0.284749884639316
42 43 C 2.05870225868438
35 34 I 0.0304000521975351
34 41 C 1.2965325219217
41 42 C 1.73395282408142
30 31 I 0.027999467994025
31 36 C 0.125833157473126
39 33 I 0.0330874755517945
33 32 C 0.143704624908317
32 38 C 0.240704564676417
38 39 C 0.266705006193315
39 40 C 0.29070495375309
40 41 C 0.396409329613055
24 23 I 0.0340004811125166
23 22 C 0.363806946537405
22 28 C 1.07173050478419
28 29 C 1.20596697887787
29 34 C 1.2419669770214
7 10 I 0.0420010642611557
10 11 C 0.0821643910728749
11 17 C 0.107349930473973
17 19 C 0.138355857017674
19 18 C 0.167355627669149
18 23 C 0.261421750127719
19 24 I 0.021840559111012
24 31 C 0.061738979824513
26 25 I 0.02999985585716
25 32 C 0.0640009709490931
21 20 I 0.0229995689400435
20 26 C 0.0481798531214964
26 33 C 0.0822173323610232
30 23 I 0.0433860052509661
20 13 I 0.0250006264530739
13 14 C 0.124000993509199
14 15 C 0.149000669745048
15 22 C 0.688453723274394
11 9 I 0.0229995689400435
9 16 C 0.047600582630775
16 15 C 0.103200568565917
14 21 I 0.0250206134264152
21 27 C 0.0510366016885
27 28 C 0.11123686507232
16 18 I 0.0310005644937803
26 27 I 0.0271994255337729
15 18 I 0.042042823511011
27 40 I 0.0673864093122623
9 8 I 0.0240010457040083
8 15 C 0.397053971954747
1 2 I 0.0283995395954002
2 3 C 0.05140039752109
3 6 C 0.0784003899172661
6 7 C 0.107400379507865
7 8 C 0.144198671840802
25 12 I 0.0500004210652483
12 13 C 0.0770003551608538
3 4 I 0.0308308348118994
4 5 C 0.123431723903676
5 8 C 0.191455387067408
17 16 I 0.028400292031159
6 5 I 0.0336240694961903
0 1 I 0.0246007450104806
1 4 C 0.0596004862463594