Manholes 14
0 0 0 160.5
1 100 75 160.2
2 100 220 160
3 0 330 160.1
4 140 330 160.1
5 200 220 159.9
6 200 75 160
7 120 0 160.3
8 250 0 159.5
9 320 75 160.1
10 320 220 159.8
11 250 330 159.4
12 400 0 159.2
13 400 -130 158.9
Sections 20
0 7 I 0.0200003601621095
7 8 C 0.0449998411598034
8 9 C 0.0670004885344692
9 12 C 0.640000363900976
12 13 C 0.705000372600096
7 6 I 0.021000304224197
6 9 C 0.204000708510276
0 1 I 0.030000660810322
1 6 C 0.0940007819486595
8 12 I 0.0460002548805114
4 5 I 0.048000279850738
5 10 C 0.216000139529145
10 9 C 0.33500060166207
4 11 I 0.0540000473272336
11 10 C 0.0830009590125644
2 1 I 0.0350002547485477
5 6 I 0.0560006902299028
4 3 I 0.0450009239299581
3 2 C 0.0860006627345319
2 5 C 0.149000702642539