K:[
I
C
]
b:[
(1)0.03435
(2)0.0618
(3)0.0574
(4)0.0339
(5)0.03435
(6)0.07985
(7)0.0776
(8)0.0541
(9)0.0346
(10)0.06275
(11)0.0889
(12)0.064
(13)0.05745
(14)0.0294
(15)0.06075
(16)0.07425
(17)0.0487
(18)0.06325
(19)0.0213
(20)-1.0387
]
posX:[
(1)103594.1
(2)103673.5
(3)103777.0
(4)103832.8
(5)103579.9
(6)103658.4
(7)103760.8
(8)103821.1
(9)103482.7
(10)103553.9
(11)103640.6
(12)103743.5
(13)103816.4
(14)103470.3
(15)103519.27
(16)103618.6
(17)103722.4
(18)103808.4
(19)103808.4
(20)103808.4
]
posY:[
(1)117364.0
(2)117348.9
(3)117330.9
(4)117324.0
(5)117309.5
(6)117289.9
(7)117264.9
(8)117245.7
(9)117237.9
(10)117243.1
(11)117220.5
(12)117193.7
(13)117172.1
(14)117172.1
(15)117160.1
(16)117135.7
(17)117111.4
(18)117092.9
(19)117007.9
(20)116997.9
]
e:[
(1)2555.67
(2)2555.62
(3)2555.38
(4)2555.14
(5)2555.72
(6)2555.88
(7)2555.4
(8)2554.97
(9)2555.29
(10)2556.02
(11)2555.52
(12)2555.63
(13)2555.01
(14)2555.87
(15)2555.65
(16)2555.66
(17)2555.5
(18)2555.24
(19)2555.24
(20)2555.24
]
c:[
(1,2)7.993185031476402E7
(2,1)1.6716545965227032E8
(2,3)1.084205514641964E8
(3,2)1.5591148661428812E8
(3,4)4.0293468254760824E7
(4,3)8.534387547814171E7
(1,5)8.467943849831344E7
(5,1)9.671500729072194E7
(2,6)7.863232420719612E7
(6,2)1.1479842417112076E8
(3,7)7.404579427968171E7
(7,3)5.211057188005382E7
(4,8)7.062230239774472E7
(8,4)8.832737371617112E7
(5,6)1.2471182314375798E8
(6,5)0.0
(6,7)9.623314192644003E7
(7,6)1.3023309070978911E8
(7,8)5.187979910698964E7
(8,7)6.822364223734799E7
(6,11)8.077069559257042E7
(11,6)6.687222022240744E7
(7,12)4.485183504225489E7
(12,7)1.3480269655591938E8
(8,13)4.293470601512702E7
(13,8)1.7502438052103877E7
(9,10)7.566150940337561E7
(10,9)1.1024092914066124E8
(10,11)9.198239311833547E7
(11,10)1.0329052013772789E8
(11,12)6.695055489686469E7
(12,11)9.637178546523453E7
(12,13)3.498178529947749E7
(13,12)7.82755462526885E7
(9,14)9.598687064429462E7
(14,9)3.585411509408503E7
(10,15)1.1871439535368474E8
(15,10)1.1920943581098928E8
(11,16)5.465163031421802E7
(16,11)1.0758309197970912E8
(13,18)2.8436686153650705E7
(18,13)2.6099673479322918E7
(14,15)9.465803513732061E7
(15,14)6.084646949881373E7
(15,16)1.1273281927860223E8
(16,15)1.4169598973827368E8
(16,17)6.5938249405015916E7
(17,16)2.0333290785140687E8
(17,18)5.812450065524322E7
(18,17)2.6099673479322918E7
(18,19)2.6099673479322918E7
(19,18)2.6099673479322918E7
(19,20)2.6099673479322918E7
(20,19)2.6099673479322918E7
]
intercept:[
(1,2)1.2442689203662325E7
(2,1)9936723.510745205
(2,3)1.0937581214218834E7
(3,2)1.5462680571990242E7
(3,4)5979415.269736446
(4,3)8928048.934019389
(1,5)7674512.597800722
(5,1)7252378.984035439
(2,6)9682259.927286958
(6,2)4684921.180338952
(3,7)1.0156589484961964E7
(7,3)9287198.94505898
(4,8)6228498.979251157
(8,4)1.1500903339827862E7
(5,6)1.2794327003580956E7
(6,5)1.1136281941029714E7
(6,7)1.2036386179481687E7
(7,6)1.8586338234126322E7
(7,8)4403453.254642495
(8,7)1.0797808662746629E7
(6,11)7733427.883863046
(11,6)1.144691768807538E7
(7,12)1.5144370381256547E7
(12,7)6087315.566803453
(8,13)1.3399304815166263E7
(13,8)1.0085520356221888E7
(9,10)1.3981653555634964E7
(10,9)7311010.313872681
(10,11)1.3174376926163374E7
(11,10)1.468856029298759E7
(11,12)2.2024423876987748E7
(12,11)1.7984006443621438E7
(12,13)1.5648124938609608E7
(13,12)1.3456655993814854E7
(9,14)1.248509619487532E7
(14,9)7677246.275001675
(10,15)8774573.812135864
(15,10)1.453155753302928E7
(11,16)1.843343835790291E7
(16,11)1.0353585196318852E7
(13,18)2.152619059601467E7
(18,13)1.826182460039272E7
(14,15)5446688.164430061
(15,14)7266213.449819246
(15,16)1.3383110838026976E7
(16,15)1.2061532882629564E7
(16,17)1.8037613228017263E7
(17,16)1.496819740114089E7
(17,18)1.1635430225769287E7
(18,17)1.826182460039272E7
(18,19)1.826182460039272E7
(19,18)1.826182460039272E7
(19,20)1.826182460039272E7
(20,19)1.826182460039272E7
]
