Manholes 110
1 0.014 981.54 7207.82 2554.22
2 0.014 901.30 7249.35 2552.046
3 0.014 831.25 7286.18 2551.715
4 0.014 741.36 7334.18 2551.630
5 0.014 667.44 7367.24 2551.463
6 0.014 584.86 7408.61 2551.851
7 0.014 1071.64 7162.13 2554.815
8 0.014 1224.80 7082.59 2555.326
9 0.014 1391.34 6997.48 2559.995
10 0.014 1475.04 6952.68 2560.781
11 0.014 1035.11 7288.28 2554.513
12 0.014 1076.77 7368.03 2554.962
13 0.014 1155.26 7322.23 2555.309
14 0.014 1116.00 7247.09 2555.268
15 0.014 1268.27 7173.47 2556.416
16 0.014 1434.47 7086.98 2558.709
17 0.014 1471.37 7158.01 2557.989
18 0.014 1393.92 7198.28 2557.270
19 0.014 1305.24 7244.35 2555.823
20 0.014 1230.89 7282.92 2555.429
21 0.014 1191.38 7388.10 2554.884
22 0.014 1254.73 7355.18 2555.035
23 0.014 1318.17 7322.35 2555.571
24 0.014 1381.43 7289.20 2556.292
25 0.014 1237.38 7477.06 2554.756
26 0.014 1300.92 7444.20 2554.961
27 0.014 1364.27 7411.31 2555.472
28 0.014 1427.55 7377.92 2555.928
29 0.014 1491.40 7345.58 2556.454
30 0.014 1548.16 7315.99 2556.960
31 0.014 1508.10 7223.40 2557.705
32 0.014 1456.74 7260.95 2557.014
33 0.014 955.69 7336.90 2553.910
34 0.014 992.30 7407.29 2554.092
35 0.014 913.30 7446.36 2554.134
36 0.014 826.81 7493.27 2553.360
37 0.014 788.20 7419.13 2553.048
38 0.014 962.53 7514.74 2553.565
39 0.014 1004.44 7596.19 2553.740
40 0.014 1072.14 7561.27 2553.849
41 0.014 1155.71 7519.68 2554.232
42 0.014 1197.64 7600.63 2554.587
43 0.014 1279.69 7558.36 2554.687
44 0.014 1237.38 7477.06 2554.756
45 0.014 1109.34 7429.94 2554.654
46 0.014 1333.26 7661.29 2554.930
47 0.014 1397.46 7630.55 2555.370
48 0.014 1356.12 7550.70 2555.253
49 0.014 1419.46 7517.89 2555.843
50 0.014 1460.84 7597.47 2555.782
51 0.014 1524.17 7564.57 2555.869
52 0.014 1481.47 7481.98 2555.688
53 0.014 1544.46 7448.03 2556.112
54 0.014 1588.00 7531.50 2556.617
55 0.014 1650.50 7499.21 2556.719
56 0.014 1600.04 7388.10 2557.143
57 0.014 1747.32 7462.52 2556.901
58 0.014 1715.03 7400.08 2556.997
59 0.014 1681.29 7333.85 2557.165
60 0.014 1645.68 7265.07 2557.403
61 0.014 1302.31 7041.85 2558.000
62 0.014 1559.39 7112.63 2559.038
63 0.014 1530.58 7035.67 2559.863
64 0.014 1604.82 6992.61 2561.961
65 0.014 1569.16 6903.75 2564.488
66 0.014 1649.08 7068.52 2561.041
67 0.014 1728.08 7031.72 2563.690
68 0.014 1832.90 6975.88 2565.940
69 0.014 1785.75 6898.33 2566.152
70 0.014 1744.42 6812.62 2569.264
71 0.014 1803.79 7353.82 2557.337
72 0.014 1765.15 7289.85 2557.904
73 0.014 1735.70 7224.20 2558.971
74 0.014 1686.22 7129.44 2560.503
75 0.014 1746.82 7099.01 2562.239
76 0.014 1599.01 7175.99 2558.144
77 0.014 1831.54 7256.25 2559.406
78 0.014 1963.14 7187.67 2562.876
79 0.014 1917.32 7098.98 2564.332
80 0.014 1882.86 7032.93 2565.490
81 0.014 1954.28 7002.50 2566.975
82 0.014 2029.41 7153.10 2565.707
83 0.014 2093.60 7119.76 2568.046
84 0.014 2013.31 6965.14 2569.708
85 0.014 2090.90 6933.35 2575.891
86 0.014 2157.49 7087.17 2572.998
87 0.014 1920.35 6933.78 2567.700
88 0.014 2002.76 6889.27 2570.153
89 0.014 1910.25 6726.98 2575.185
90 0.014 1958.45 6815.65 2573.027
91 0.014 2056.96 6866.81 2576.088
92 0.014 1114.68 7643.68 2554.288
93 0.014 1144.17 7710.55 2554.375
94 0.014 1880.41 7313.67 2558.696
95 0.014 1996.74 7259.19 2559.695
96 0.014 1932.99 7372.47 2557.932
97 0.014 1835.94 7416.57 2557.326
98 0.014 1784.49 7532.93 2557.411
99 0.014 1982.51 7441.01 2558.897
100 0.014 1202.87 7770.98 2553.848
101 0.014 1317.86 7779.49 2554.951
102 0.014 1452.89 7704.76 2555.874
103 0.014 1632.28 7617.99 2557.418
104 0.014 2065.54 7218.98 2564.849
105 0.014 2204.20 7149.60 2570.034
106 0.014 2233.12 7204.60 2568.560
107 0.014 2097.16 7271.09 2563.112
108 0.014 2145.39 7352.39 2561.931
109 0.014 1905.84 7224.42 2560.929
110 -1.526 1826.73 7064.10 2564.635
Sections 160
1 7
1 11
2 1
2 33
3 2
4 3
4 37
5 4
6 5
7 8
7 14
8 61
8 15
9 10
9 16
10 65
10 63
11 12
12 13
12 45
13 20
13 21
14 13
14 15
15 19
15 16
16 17
17 62
17 31
18 17
19 18
20 19
21 25
21 22
22 26
22 23
23 24
23 27
24 28
24 32
26 27
26 48
27 49
27 28
28 52
28 29
29 53
29 30
30 56
31 30
32 31
32 29
33 34
34 12
34 40
35 34
35 38
36 35
37 36
37 33
38 39
39 40
40 41
40 92
41 44
41 42
42 43
43 46
44 26
44 43
45 41
46 47
47 50
48 47
49 50
50 51
51 54
52 53
52 51
53 54
54 55
54 103
55 57
56 55
57 97
57 98
58 57
58 71
59 58
59 72
60 59
60 73
61 9
62 66
62 76
63 62
64 69
64 66
65 70
65 64
66 74
66 67
67 68
68 87
68 80
69 68
69 90
70 69
70 89
71 94
71 97
72 77
73 72
74 75
74 73
75 77
75 110
76 60
76 74
77 109
77 94
78 82
79 78
80 81
80 79
81 82
81 87
82 83
82 104
83 86
84 83
85 86
87 88
88 84
88 91
89 90
90 88
91 85
92 42
92 93
94 95
94 96
95 104
96 99
97 96
98 99
99 108
100 101
100 93
101 102
102 103
103 98
104 107
104 105
105 106
107 108
107 106
109 78
110 80
110 109
