Manholes 20
1 0.091 0 0 160.5
2 0.184 160 0 160.49
3 0.093 300 -50 160.5
4 0.091 0 -130 160.49
5 0.189 145 -150 160.5
6 0.1925 285 -130 160.49
7 0.188 410 -170 160.5
8 0.141 110 -270 160.49
9 0.186 250 -280 160.5
10 0.0965 40 -410 160.49
11 0.191 145 -420 160.5
12 0.188 290 -390 160.49
13 0.141 430 -360 160.5
14 0.19 150 -540 160.49
15 0.1375 310 -580 160.5
16 0.14 440 -550 160.49
17 0.1445 70 -605 160.5
18 0.145 230 -700 160.49
19 0.196 400 -695 160.5
20 -2.925 400 -860 160.49
Sections 31
1 2
2 3
1 4
2 5
2 6
3 7
5 6
6 7
6 9
5 8
7 9
8 9
8 11
9 12
7 13
10 11
11 12
12 13
10 17
11 14
12 15
13 16
14 15
15 16
17 14
14 18
16 19
17 18
18 19
19 20
4 5