Manholes 20
1 0.2769 0 0 160.5
2 0.4446 160 0 160.3
3 0.3822 300 -50 160.1
4 0.2574 0 -130 160.7
5 0.5382 145 -150 160.5
6 0.5889 285 -130 159.8
7 0.5109 410 -170 159.9
8 0.39 110 -270 159.5
9 0.6552 250 -280 159.3
10 0.273 40 -410 159.4
11 0.4017 145 -420 159.8
12 0.6201 290 -390 159.7
13 0.4017 430 -360 159.5
14 0.5928 150 -540 159.3
15 0.3549 310 -580 159.1
16 0.39 440 -550 159
17 0.3276 70 -605 159.4
18 0.546 230 -700 158.8
19 0.7683 400 -695 158.6
20 -8.7204 400 -860 158.4
Sections 31
1 2
2 3
1 4
2 5
2 6
3 7
5 6
6 7
6 9
5 8
7 9
8 9
8 11
9 12
7 13
10 11
11 12
12 13
10 17
11 14
12 15
13 16
14 15
15 16
17 14
14 18
16 19
17 18
18 19
19 20
4 5