Manholes 20
1 0.091 0 0 160.5
2 0.184 160 0 160.3
3 0.093 300 -50 160.1
4 0.091 0 -130 160.7
5 0.189 145 -150 160.5
6 0.1925 285 -130 159.8
7 0.188 410 -170 159.9
8 0.141 110 -270 159.5
9 0.186 250 -280 159.3
10 0.0965 40 -410 159.4
11 0.191 145 -420 159.8
12 0.188 290 -390 159.7
13 0.141 430 -360 159.5
14 0.19 150 -540 159.3
15 0.1375 310 -580 159.1
16 0.14 440 -550 159
17 0.1445 70 -605 159.4
18 0.145 230 -700 158.8
19 0.196 400 -695 158.6
20 -2.925 400 -860 158.4
Sections 31
1 2
2 3
1 4
2 5
2 6
3 7
5 6
6 7
6 9
5 8
7 9
8 9
8 11
9 12
7 13
10 11
11 12
12 13
10 17
11 14
12 15
13 16
14 15
15 16
17 14
14 18
16 19
17 18
18 19
19 20
4 5