0 0.0510009666032975 160.3 0
1 0.091000499310036 160.5 160.000115199959
2 0.121000763524087 160.7 130.000041599993
3 0.241000188755063 160.5 146.372924214419
4 0.459995779070552 159.8 141.421459764775
5 0.502993642672247 159.3 154.030715788029
6 0.575986842490235 159.5 140.358637518786
7 0.822991577481708 159.8 154.032895264851
8 0.858989301557847 159.4 105.476260770137
9 0.921985191574427 159.4 197.296742279542
10 1.03697186593251 158.8 186.081124658205
11 1.36688732786284 158.6 170.078170066002
12 1000 158.4 165.013643252944