Manholes 17
1 0.328125 100 500 100
2 0.328125 200 500 100
3 0.328125 300 500 100
4 0.328125 400 500 100
5 0.328125 100 400 100
6 0.328125 200 400 100
7 0.328125 300 400 100
8 0.328125 400 400 100
9 0.328125 100 300 100
10 0.328125 200 300 100
11 0.328125 300 300 100
12 0.328125 400 300 100
13 0.328125 100 200 100
14 0.328125 200 200 100
15 0.328125 300 200 100
16 0.328125 400 200 100
17 -5.25 400 100 100
Sections 25
2 1
2 3
4 3
1 5
2 6
3 7
4 8
5 6
6 7
8 7
9 5
10 6
7 11
12 8
10 9
10 11
12 11
13 9
10 14
11 15
12 16
13 14
14 15
15 16
16 17