K:[
	I
	C
]

c:[
	(1,2)1
	(1,4)1
	(2,3)1
	(2,1)1
	(2,5)1
	(3,2)1
	(3,6)1
	(4,1)1
	(4,5)1
	(4,7)1
	(5,4)1
	(5,2)1
	(5,6)1
	(5,8)1
	(6,3)1
	(6,5)1
	(6,9)1
	(7,8)1
	(7,10)1
	(8,11)1
	(7,4)1
	(9,12)1
	(8,9)1
	(8,7)1
	(8,5)1
	(9,6)1
	(9,8)1
	(9,13)1
	(10,7)1
	(10,11)1
	(11,10)1
	(11,12)1
	(11,8)1
	(12,9)1
	(12,11)1
	(12,13)1
	(13,9)1
	(13,12)1
	(13,14)1
	(14,13)1
]

b:[
	(1)2
	(2)2
	(3)2
	(4)2
	(5)2
	(6)2
	(7)2
	(8)2
	(9)2
	(10)2
	(11)2
	(12)2
	(13)2
	(14)-26
]

e:[
	(1)1000
	(2)999.5
	(3)999.3
	(4)999.7
	(5)998.6
	(6)998.2
	(7)998.1
	(8)998.3
	(9)997.1
	(10)997.3
	(11)997.6
	(12)998.1
	(13)997.8
	(14)996.8
]