Manholes 44
1 0.360061222178358 0 0 160.49
2 0.360061222178358 0 123 159.95
3 0.360061222178358 -142 123 159.8
4 0.360061222178358 -142 238 161.5
5 0.360061222178358 0 298 161.5
6 0.360061222178358 0 463 159.6
7 0.360061222178358 -142 373 160.2
8 0.360061222178358 -142 518 156.5
9 0.360061222178358 0 635 158.2
10 0.360061222178358 0 755 157.9
11 0.360061222178358 -142 728 156.8
12 0.360061222178358 0 870 155.2
13 0.360061222178358 187 265 163.2
14 0.360061222178358 187 400 162.5
15 0.360061222178358 187 510 163.2
16 0.360061222178358 187 635 157.9
17 0.360061222178358 123 755 158.6
18 0.360061222178358 123 897 156.9
19 0.360061222178358 278 755 156.3
20 0.360061222178358 278 900 155.3
21 0.360061222178358 312 400 155.6
22 0.360061222178358 312 515 154.2
23 0.360061222178358 383 635 158.3
24 0.360061222178358 383 760 157.5
25 0.360061222178358 383 930 156.1
26 0.360061222178358 437 265 159.62
27 0.360061222178358 437 415 160.2
28 0.360061222178358 437 551 161.2
29 0.360061222178358 437 716 159.8
30 0.360061222178358 552 716 159.6
31 0.360061222178358 552 896 160.2
32 0.360061222178358 552 1036 158.3
33 0.360061222178358 607 265 162.1
34 0.360061222178358 607 407 161.3
35 0.360061222178358 732 716 160.2
36 0.360061222178358 732 868 158.3
37 0.360061222178358 732 1023 157.4
38 0.360061222178358 852 1023 156.9
39 0.360061222178358 772 265 163.2
40 0.360061222178358 772 395 162.5
41 0.360061222178358 772 515 159.3
42 0.360061222178358 850 690 160.2
43 0.360061222178358 922 882 158
44 -15.4826325536694 1122 882 156.6
Sections 66
32 31
31 36
36 37
37 38
38 43
43 44
34 33
33 39
39 40
40 41
41 42
42 43
27 28
28 29
29 30
30 35
35 42
30 31
13 14
14 15
15 16
16 23
23 29
36 35
19 20
20 25
25 32
32 37
13 26
26 27
27 34
34 40
19 24
24 23
1 2
2 3
3 4
4 7
7 6
6 9
9 10
10 17
17 16
19 16
24 31
17 18
18 20
24 25
10 12
12 18
4 5
5 6
26 33
16 9
15 22
22 21
21 27
28 22
14 21
7 8
8 9
19 17
41 28
2 5
11 12
11 8