0 0.0420006012706943 156.8 0
1 0.107799285818524 156.5 210.040869677523
2 0.439053824313093 158.2 183.995818597488
3 0.463654164557137 157.9 120.002269328542
4 0.523054299591939 158.6 123.000134709526
5 0.642408234707322 156.9 142.000253618874
6 0.735291766218661 155.3 155.037300807588
7 0.873598987727449 156.1 109.202403924639
8 0.909692975901874 158.3 199.494603698477
9 1.06512499687206 157.4 180.471765566833
10 1.09661023183221 156.9 120.001043329464
11 2.05870225868438 158 157.419893400325
12 1000 156.6 200.001128956814