0 0.0245994128447735 160.49 0
1 0.0529995723760114 159.95 123.001190634237
2 0.076001735457995 159.8 142.000079775578
3 0.103000666551337 161.5 115.000046574991
4 0.136623541095505 160.2 135.000166380647
5 0.269852905730085 159.6 168.120076795883
6 0.439051896070712 158.2 172.001389788785
7 0.463653642864701 157.9 120.000374999414
8 0.521853210877028 158.6 123.000134709526
9 0.677092928122359 157.9 136.000240338988
10 0.74258471557424 158.3 196.000978586357
11 0.893162715544107 159.8 97.350587301156
12 0.929159434928292 159.6 115.001733042692
13 0.983719771765649 160.2 180.00317549599
14 1.47979832428575 160.2 120.833139460001
15 2.05869067292496 158 205.058074820964
16 1000 156.6 200.001128956814