0 0.0510010037039673 160.3 0
1 0.0910005267826287 160.5 160.000115199959
2 0.121000855982962 160.7 130.000041599993
3 0.199000555714495 160.5 146.372924214419
4 0.514000514566635 159.8 141.421404949887
5 0.579000288210814 159.3 154.031547681798
6 0.69100030156644 159.7 117.049850360776
7 0.921000920790999 159.8 148.071158281686
8 0.957000266601591 159.4 105.475628915878
9 0.988000932677477 159.4 197.295316891538
10 1.07300055511341 159.3 103.078304875772
11 1.19200059306397 158.8 178.887038582453
12 1.36700093478306 158.6 170.075830616728
13 1000 158.4 165.003882371325