0 0.0245994128447735 161.5 0
1 0.0360005737162287 160.49 180
2 0.0529995723760114 160.2 121
3 0.076001735457995 160.2 205
4 0.0905667178233901 160.2 200
5 0.103000666551337 160.2 123
6 0.136623541095505 160.2 142
7 0.169852905730085 159.95 115
8 0.239051896070712 159.8 135
9 0.263653642864701 159.8 168
10 0.321853210877028 159.6 172
11 0.477092928122359 159.6 120
12 0.514222875486587 159.6 123
13 0.54258471557424 159.2 136
14 0.593162715544107 158.3 196
15 0.629159434928292 158.2 115
16 0.683719771765649 158 180
17 0.72979832428575 157.9 121
18 0.84870229378928 157.9 205
19 0.870229378928 157.6 195
20 1000 157.6 200